817
817
819
819
819
819
819
829
829
829
829
829
829
813
813
813
813
813
826
826
826
826
826
814
814
814
814
814
814
824
824
824
824
824
825
825
825
825
825
820
820
820
820
820
820
819
819
819
819
819
816
816
816
816
816
820
820
820
820
820
820
817
817
817
817
817
820
820
820
820
820
823
823
823
823
823
823
816
816
816
816
816
821
821
821
821
821
805
805
805
805
805
805
824
824
824
824
824
809
809
809
809
809
829
829
829
829
829
829
834
834
834
834
834
825
825
825
825
825
822
822
822
822
822
822
812
812
812
812
812
826
826
826
826
826
822
822
822
822
822
822
822
822
822
822
822
816
816
816
816
816
836
836
836
836
836
836
827
827
827
827
827
826
826
826
826
826
826
826
826
826
826
826
801
801
801
801
801
815
815
815
815
815
831
831
831
831
831
831
829
829
829
829
829
811
811
811
811
811
811
811
811
811
811
811
822
822
822
822
822
823
823
823
823
823
821
821
821
821
821
821
833
833
833
833
833
821
821
821
821
821
823
823
823
823
823
823
819
819
819
819
819
833
833
833
833
833
824
824
824
824
824
824
823
823
823
823
823
822
822
822
822
822
823
823
823
823
823
823
824
824
824
824
824
809
809
809
809
809
827
827
827
827
827
827
812
812
812
812
812
824
824
824
824
824
823
823
823
823
823
823
818
818
818
818
818
820
820
820
820
820
806
806
806
806
806
806
814
814
814
814
814
815
815
815
815
815
836
836
836
836
836
836
821
821
821
821
821
827
827
827
827
827
826
826
826
826
826
826
825
825
825
825
825
832
832
832
832
832
826
826
826
826
826
826
825
825
825
825
825
822
822
822
822
822
821
821
821
821
821
821
814
814
814
814
814
821
821
821
821
821
822
822
822
822
822
822
808
808
808
808
808
827
827
827
827
827
833
833
833
833
833
833
819
819
819
819
819
812
812
812
812
812
818
818
818
818
818
818
819
819
819
819
819
829
829
829
829
829
826
826
826
826
826
826
816
816
816
816
816
827
827
827
827
827
819
819
819
819
819
819
818
818
818
818
818
828
828
828
828
828
835
835
835
835
835
835
823
823
823
823
823
818
818
818
818
818
825
825
825
825
825
825
830
830
830
830
830
816
816
816
816
816
826
826
826
826
826
826
821
821
821
821
821
822
822
822
822
822
827
827
827
827
827
827
822
822
822
822
822
833
833
833
833
833
826
826
826
826
826
826
820
820
820
820
820
827
827
827
827
827
828
828
828
828
828
828
826
826
826
826
826
823
823
823
823
823
813
813
813
813
813
813
832
832
832
832
832
825
825
825
825
825
830
830
830
830
830
830
817
817
817
817
817
839
839
839
839
839
813
813
813
813
813
813
838
838
838
838
838
820
820
820
820
820
829
829
829
829
829
829
833
833
833
833
833
823
823
823
823
823
831
831
831
831
831
831
828
828
828
828
828
823
823
823
823
823
821
821
821
821
821
821
819
819
819
819
819
830
830
830
830
830
840
840
840
840
840
840
821
821
821
821
821
819
819
819
819
819
833
833
833
833
833
833
831
831
831
831
831
833
833
833
833
833
828
828
828
828
828
828
830
830
830
830
830
818
818
818
818
818
823
823
823
823
823
823
822
822
822
822
822
824
824
824
824
824
826
826
826
826
826
826
826
826
826
826
826
827
827
827
827
827
837
837
837
837
837
837
828
828
828
828
828
829
829
829
829
829
834
834
834
834
834
834
848
848
848
848
848
826
826
826
826
826
828
828
828
828
828
828
838
838
838
838
838
827
827
827
827
827
820
820
820
820
820
820
820
820
820
820
820
833
833
833
833
833
828
828
828
828
828
828
834
834
834
834
834
833
833
833
833
833
833
833
833
833
833
833
831
831
831
831
831
829
829
829
829
829
845
845
845
845
845
845
839
839
839
839
839
849
849
849
849
849
829
829
829
829
829
829
839
839
839
839
839
833
833
833
833
833
837
837
837
837
837
837
828
828
828
828
828
819
819
819
819
819
825
825
825
825
825
825
819
819
819
819
819
829
829
829
829
829
822
822
822
822
822
822
814
814
814
814
814
818
818
818
818
818
816
816
816
816
816
816
817
817
817
817
817
825
825
825
825
825
809
809
809
809
809
809
829
829
829
829
829
823
823
823
823
823
830
830
830
830
830
830
814
814
814
814
814
821
821
821
821
821
825
825
825
825
825
825
807
807
807
807
807
814
814
814
814
814
809
809
809
809
809
809
802
802
802
802
802
800
800
800
800
800
791
791
791
791
791
791
806
806
806
806
806
813
813
813
813
813
807
807
807
807
807
807
816
816
816
816
816
831
831
831
831
831
820
820
820
820
820
820
832
832
832
832
832
832
832
832
832
832
847
847
847
847
847
847
844
844
844
844
844
834
834
834
834
834
853
853
853
853
853
853
858
858
858
858
858
861
861
861
861
861
856
856
856
856
856
856
850
850
850
850
850
846
846
846
846
846
846
846
846
846
846
846
842
842
842
842
842
842
842
842
842
842
844
844
844
844
844
844
836
836
836
836
836
846
846
846
846
846
842
842
842
842
842
842
832
832
832
832
832
835
835
835
835
835
832
832
832
832
832
832
836
836
836
836
836
824
824
824
824
824
830
830
830
830
830
830
826
826
826
826
826
826
826
826
826
826
819
819
819
819
819
819
821
821
821
821
821
824
824
824
824
824
822
822
822
822
822
822
825
825
825
825
825
818
818
818
818
818
823
823
823
823
823
823
823
823
823
823
823
829
829
829
829
829
827
827
827
827
827
827
827
827
827
827
827
829
829
829
829
829
828
828
828
828
828
828
830
830
830
830
830
827
827
827
827
827
841
841
841
841
841
841
831
831
831
831
831
824
824
824
824
824
840
840
840
840
840
840
822
822
822
822
822
837
837
837
837
837
840
840
840
840
840
840
832
832
832
832
832
845
845
845
845
845
834
834
834
834
834
834
826
826
826
826
826
843
843
843
843
843
841
841
841
841
841
841
839
839
839
839
839
845
845
845
845
845
832
832
832
832
832
832
843
843
843
843
843
843
843
843
843
843
843
843
843
843
843
843
844
844
844
844
844
851
851
851
851
851
834
834
834
834
834
834
846
846
846
846
846
840
840
840
840
840
848
848
848
848
848
848
848
848
848
848
848
850
850
850
850
850
843
843
843
843
843
843
862
862
862
862
862
853
853
853
853
853
848
848
848
848
848
848
860
860
860
860
860
853
853
853
853
853
847
847
847
847
847
847
858
858
858
858
858
863
863
863
863
863
869
869
869
869
869
869
844
844
844
844
844
858
858
858
858
858
858
858
858
858
858
858
854
854
854
854
854
851
851
851
851
851
846
846
846
846
846
846
862
862
862
862
862
848
848
848
848
848
852
852
852
852
852
852
849
849
849
849
849
849
849
849
849
849
849
849
849
849
849
849
836
836
836
836
836
856
856
856
856
856
849
849
849
849
849
849
851
851
851
851
851
847
847
847
847
847
860
860
860
860
860
860
858
858
858
858
858
872
872
872
872
872
879
879
879
879
879
879
874
874
874
874
874
884
884
884
884
884
871
871
871
871
871
871
882
882
882
882
882
872
872
872
872
872
873
873
873
873
873
873
857
857
857
857
857
867
867
867
867
867
863
863
863
863
863
863
858
858
858
858
858
876
876
876
876
876
869
869
869
869
869
869
882
882
882
882
882
874
874
874
874
874
874
874
874
874
874
874
892
892
892
892
892
890
890
890
890
890
901
901
901
901
901
901
889
889
889
889
889
912
912
912
912
912
908
908
908
908
908
908
915
915
915
915
915
920
920
920
920
920
929
929
929
929
929
929
927
927
927
927
927
923
923
923
923
923
927
927
927
927
927
927
931
931
931
931
931
942
942
942
942
942
938
938
938
938
938
938
944
944
944
944
944
928
928
928
928
928
921
921
921
921
921
921
931
931
931
931
931
928
928
928
928
928
940
940
940
940
940
940
928
928
928
928
928
932
932
932
932
932
932
932
932
932
932
932
935
935
935
935
935
944
944
944
944
944
929
929
929
929
929
929
950
950
950
950
950
962
962
962
962
962
984
984
984
984
984
984
973
973
973
973
973
992
992
992
992
992
991
991
991
991
991
991
998
998
998
998
998
1008
1008
1008
1008
1008
1003
1003
1003
1003
1003
1003
1020
1020
1020
1020
1020
1023
1023
1023
1023
1023
1048
1048
1048
1048
1048
1048
1065
1065
1065
1065
1065
1081
1081
1081
1081
1081
1128
1128
1128
1128
1128
1128
1181
1181
1181
1181
1181
1231
1231
1231
1231
1231
1281
1281
1281
1281
1281
1281
1342
1342
1342
1342
1342
1366
1366
1366
1366
1366
1412
1412
1412
1412
1412
1412
1411
1411
1411
1411
1411
1426
1426
1426
1426
1426
1419
1419
1419
1419
1419
1419
1366
1366
1366
1366
1366
1336
1336
1336
1336
1336
1271
1271
1271
1271
1271
1271
1207
1207
1207
1207
1207
1141
1141
1141
1141
1141
1098
1098
1098
1098
1098
1098
1040
1040
1040
1040
1040
983
983
983
983
983
952
952
952
952
952
952
904
904
904
904
904
866
866
866
866
866
812
812
812
812
812
812
767
767
767
767
767
729
729
729
729
729
693
693
693
693
693
693
670
670
670
670
670
666
666
666
666
666
662
662
662
662
662
662
667
667
667
667
667
674
674
674
674
674
699
699
699
699
699
699
719
719
719
719
719
762
762
762
762
762
801
801
801
801
801
801
867
867
867
867
867
914
914
914
914
914
995
995
995
995
995
995
1082
1082
1082
1082
1082
1158
1158
1158
1158
1158
1252
1252
1252
1252
1252
1252
1312
1312
1312
1312
1312
1326
1326
1326
1326
1326
1316
1316
1316
1316
1316
1316
1262
1262
1262
1262
1262
1163
1163
1163
1163
1163
1046
1046
1046
1046
1046
1046
943
943
943
943
943
855
855
855
855
855
783
783
783
783
783
783
740
740
740
740
740
712
712
712
712
712
687
687
687
687
687
687
667
667
667
667
667
660
660
660
660
660
650
650
650
650
650
650
644
644
644
644
644
639
639
639
639
639
634
634
634
634
634
634
627
627
627
627
627
617
617
617
617
617
615
615
615
615
615
615
611
611
611
611
611
612
612
612
612
612
600
600
600
600
600
600
589
589
589
589
589
593
593
593
593
593
587
587
587
587
587
587
596
596
596
596
596
596
596
596
596
596
599
599
599
599
599
599
589
589
589
589
589
584
584
584
584
584
576
576
576
576
576
576
568
568
568
568
568
568
568
568
568
568
556
556
556
556
556
556
558
558
558
558
558
564
564
564
564
564
584
584
584
584
584
584
599
599
599
599
599
630
630
630
630
630
666
666
666
666
666
666
706
706
706
706
706
734
734
734
734
734
719
719
719
719
719
719
691
691
691
691
691
652
652
652
652
652
632
632
632
632
632
632
612
612
612
612
612
618
618
618
618
618
632
632
632
632
632
632
685
685
685
685
685
827
827
827
827
827
1286
1286
1286
1286
1286
1286
2094
2094
2094
2094
2094
2955
2955
2955
2955
2955
3782
3782
3782
3782
3782
3782
4095
4095
4095
4095
4095
4095
4095
4095
4095
4095
4095
4095
4095
4095
4095
4095
4095
4095
4095
4095
4095
4095
4095
4095
4095
4095
3623
3623
3623
3623
3623
3623
2808
2808
2808
2808
2808
1917
1917
1917
1917
1917
1098
1098
1098
1098
1098
1098
722
722
722
722
722
621
621
621
621
621
583
583
583
583
583
583
563
563
563
563
563
555
555
555
555
555
560
560
560
560
560
560
579
579
579
579
579
592
592
592
592
592
633
633
633
633
633
633
682
682
682
682
682
767
767
767
767
767
884
884
884
884
884
884
1013
1013
1013
1013
1013
1129
1129
1129
1129
1129
1212
1212
1212
1212
1212
1212
1286
1286
1286
1286
1286
1301
1301
1301
1301
1301
1275
1275
1275
1275
1275
1275
1217
1217
1217
1217
1217
1103
1103
1103
1103
1103
1007
1007
1007
1007
1007
1007
906
906
906
906
906
815
815
815
815
815
767
767
767
767
767
767
739
739
739
739
739
719
719
719
719
719
712
712
712
712
712
712
694
694
694
694
694
685
685
685
685
685
670
670
670
670
670
670
659
659
659
659
659
653
653
653
653
653
645
645
645
645
645
645
637
637
637
637
637
630
630
630
630
630
638
638
638
638
638
638
649
649
649
649
649
669
669
669
669
669
695
695
695
695
695
695
723
723
723
723
723
743
743
743
743
743
748
748
748
748
748
748
731
731
731
731
731
706
706
706
706
706
699
699
699
699
699
699
694
694
694
694
694
700
700
700
700
700
722
722
722
722
722
722
761
761
761
761
761
823
823
823
823
823
906
906
906
906
906
906
1009
1009
1009
1009
1009
1124
1124
1124
1124
1124
1221
1221
1221
1221
1221
1221
1280
1280
1280
1280
1280
1379
1379
1379
1379
1379
1430
1430
1430
1430
1430
1430
1471
1471
1471
1471
1471
1464
1464
1464
1464
1464
1409
1409
1409
1409
1409
1409
1305
1305
1305
1305
1305
1128
1128
1128
1128
1128
957
957
957
957
957
957
821
821
821
821
821
741
741
741
741
741
686
686
686
686
686
686
647
647
647
647
647
636
636
636
636
636
624
624
624
624
624
624
617
617
617
617
617
618
618
618
618
618
622
622
622
622
622
622
633
633
633
633
633
647
647
647
647
647
673
673
673
673
673
673
718
718
718
718
718
779
779
779
779
779
835
835
835
835
835
835
916
916
916
916
916
987
987
987
987
987
1058
1058
1058
1058
1058
1058
1085
1085
1085
1085
1085
1097
1097
1097
1097
1097
1059
1059
1059
1059
1059
1059
970
970
970
970
970
883
883
883
883
883
818
818
818
818
818
818
759
759
759
759
759
718
718
718
718
718
691
691
691
691
691
691
678
678
678
678
678
662
662
662
662
662
662
662
662
662
662
662
669
669
669
669
669
669
669
669
669
669
686
686
686
686
686
686
694
694
694
694
694
689
689
689
689
689
698
698
698
698
698
698
688
688
688
688
688
694
694
694
694
694
695
695
695
695
695
695
687
687
687
687
687
696
696
696
696
696
684
684
684
684
684
684
696
696
696
696
696
702
702
702
702
702
721
721
721
721
721
721
721
721
721
721
721
741
741
741
741
741
751
751
751
751
751
751
771
771
771
771
771
834
834
834
834
834
902
902
902
902
902
902
965
965
965
965
965
1049
1049
1049
1049
1049
1143
1143
1143
1143
1143
1143
1231
1231
1231
1231
1231
1291
1291
1291
1291
1291
1318
1318
1318
1318
1318
1318
1292
1292
1292
1292
1292
1232
1232
1232
1232
1232
1131
1131
1131
1131
1131
1131
1011
1011
1011
1011
1011
905
905
905
905
905
826
826
826
826
826
826
776
776
776
776
776
744
744
744
744
744
720
720
720
720
720
720
703
703
703
703
703
710
710
710
710
710
694
694
694
694
694
694
710
710
710
710
710
710
710
710
710
710
713
713
713
713
713
713
737
737
737
737
737
751
751
751
751
751
790
790
790
790
790
790
860
860
860
860
860
956
956
956
956
956
1103
1103
1103
1103
1103
1103
1233
1233
1233
1233
1233
1327
1327
1327
1327
1327
1373
1373
1373
1373
1373
1373
1343
1343
1343
1343
1343
1273
1273
1273
1273
1273
1183
1183
1183
1183
1183
1183
1051
1051
1051
1051
1051
948
948
948
948
948
865
865
865
865
865
865
791
791
791
791
791
748
748
748
748
748
730
730
730
730
730
730
704
704
704
704
704
696
696
696
696
696
704
704
704
704
704
704
694
694
694
694
694
691
691
691
691
691
715
715
715
715
715
715
737
737
737
737
737
776
776
776
776
776
808
808
808
808
808
808
835
835
835
835
835
863
863
863
863
863
871
871
871
871
871
871
877
877
877
877
877
857
857
857
857
857
844
844
844
844
844
844
837
837
837
837
837
814
814
814
814
814
793
793
793
793
793
793
778
778
778
778
778
754
754
754
754
754
731
731
731
731
731
731
719
719
719
719
719
701
701
701
701
701
704
704
704
704
704
704
707
707
707
707
707
726
726
726
726
726
743
743
743
743
743
743
774
774
774
774
774
812
812
812
812
812
851
851
851
851
851
851
893
893
893
893
893
934
934
934
934
934
928
928
928
928
928
928
950
950
950
950
950
937
937
937
937
937
923
923
923
923
923
923
892
892
892
892
892
852
852
852
852
852
820
820
820
820
820
820
789
789
789
789
789
771
771
771
771
771
745
745
745
745
745
745
721
721
721
721
721
709
709
709
709
709
705
705
705
705
705
705
718
718
718
718
718
737
737
737
737
737
765
765
765
765
765
765
827
827
827
827
827
899
899
899
899
899
963
963
963
963
963
963
1014
1014
1014
1014
1014
1022
1022
1022
1022
1022
1027
1027
1027
1027
1027
1027
983
983
983
983
983
919
919
919
919
919
872
872
872
872
872
872
815
815
815
815
815
789
789
789
789
789
760
760
760
760
760
760
754
754
754
754
754
778
778
778
778
778
768
768
768
768
768
768
783
783
783
783
783
794
794
794
794
794
787
787
787
787
787
787
785
785
785
785
785
773
773
773
773
773
766
766
766
766
766
766
776
776
776
776
776
791
791
791
791
791
818
818
818
818
818
818
852
852
852
852
852
887
887
887
887
887
915
915
915
915
915
915
903
903
903
903
903
865
865
865
865
865
825
825
825
825
825
825
778
778
778
778
778
762
762
762
762
762
749
749
749
749
749
749
740
740
740
740
740
733
733
733
733
733
748
748
748
748
748
748
754
754
754
754
754
760
760
760
760
760
776
776
776
776
776
776
779
779
779
779
779
777
777
777
777
777
775
775
775
775
775
775
787
787
787
787
787
780
780
780
780
780
798
798
798
798
798
798
805
805
805
805
805
803
803
803
803
803
812
812
812
812
812
812
812
812
812
812
812
810
810
810
810
810
798
798
798
798
798
798
821
821
821
821
821
828
828
828
828
828
853
853
853
853
853
853
892
892
892
892
892
949
949
949
949
949
989
989
989
989
989
989
1014
1014
1014
1014
1014
1045
1045
1045
1045
1045
1015
1015
1015
1015
1015
1015
993
993
993
993
993
946
946
946
946
946
909
909
909
909
909
909
871
871
871
871
871
843
843
843
843
843
825
825
825
825
825
825
819
819
819
819
819
821
821
821
821
821
829
829
829
829
829
829
862
862
862
862
862
878
878
878
878
878
908
908
908
908
908
908
936
936
936
936
936
971
971
971
971
971
987
987
987
987
987
987
986
986
986
986
986
994
994
994
994
994
979
979
979
979
979
979
960
960
960
960
960
937
937
937
937
937
931
931
931
931
931
931
922
922
922
922
922
912
912
912
912
912
908
908
908
908
908
908
895
895
895
895
895
884
884
884
884
884
876
876
876
876
876
876
859
859
859
859
859
843
843
843
843
843
847
847
847
847
847
847
829
829
829
829
829
843
843
843
843
843
856
856
856
856
856
856
889
889
889
889
889
910
910
910
910
910
935
935
935
935
935
935
961
961
961
961
961
978
978
978
978
978
981
981
981
981
981
981
977
977
977
977
977
974
974
974
974
974
962
962
962
962
962
962
944
944
944
944
944
928
928
928
928
928
912
912
912
912
912
912
893
893
893
893
893
881
881
881
881
881
873
873
873
873
873
873
854
854
854
854
854
857
857
857
857
857
868
868
868
868
868
868
881
881
881
881
881
881
881
881
881
881
882
882
882
882
882
882
876
876
876
876
876
863
863
863
863
863
844
844
844
844
844
844
819
819
819
819
819
796
796
796
796
796
780
780
780
780
780
780
768
768
768
768
768
758
758
758
758
758
755
755
755
755
755
755
746
746
746
746
746
747
747
747
747
747
760
760
760
760
760
760
759
759
759
759
759
775
775
775
775
775
779
779
779
779
779
779
788
788
788
788
788
790
790
790
790
790
796
796
796
796
796
796
795
795
795
795
795
805
805
805
805
805
811
811
811
811
811
811
816
816
816
816
816
833
833
833
833
833
846
846
846
846
846
846
865
865
865
865
865
871
871
871
871
871
859
859
859
859
859
859
841
841
841
841
841
818
818
818
818
818
785
785
785
785
785
785
770
770
770
770
770
742
742
742
742
742
735
735
735
735
735
735
732
732
732
732
732
725
725
725
725
725
735
735
735
735
735
735
735
735
735
735
735
748
748
748
748
748
747
747
747
747
747
747
756
756
756
756
756
771
771
771
771
771
778
778
778
778
778
778
795
795
795
795
795
810
810
810
810
810
836
836
836
836
836
836
851
851
851
851
851
875
875
875
875
875
886
886
886
886
886
886
893
893
893
893
893
882
882
882
882
882
870
870
870
870
870
870
848
848
848
848
848
852
852
852
852
852
846
846
846
846
846
846
842
842
842
842
842
864
864
864
864
864
841
841
841
841
841
841
861
861
861
861
861
833
833
833
833
833
839
839
839
839
839
839
828
828
828
828
828
821
821
821
821
821
829
829
829
829
829
829
842
842
842
842
842
846
846
846
846
846
853
853
853
853
853
853
881
881
881
881
881
875
875
875
875
875
887
887
887
887
887
887
882
882
882
882
882
868
868
868
868
868
861
861
861
861
861
861
855
855
855
855
855
860
860
860
860
860
860
860
860
860
860
860
858
858
858
858
858
861
861
861
861
861
871
871
871
871
871
871
865
865
865
865
865
896
896
896
896
896
886
886
886
886
886
886
895
895
895
895
895
903
903
903
903
903
906
906
906
906
906
906
917
917
917
917
917
919
919
919
919
919
921
921
921
921
921
921
911
911
911
911
911
904
904
904
904
904
884
884
884
884
884
884
882
882
882
882
882
879
879
879
879
879
871
871
871
871
871
871
868
868
868
868
868
862
862
862
862
862
859
859
859
859
859
859
855
855
855
855
855
844
844
844
844
844
829
829
829
829
829
829
815
815
815
815
815
807
807
807
807
807
784
784
784
784
784
784
779
779
779
779
779
779
779
779
779
779
779
779
779
779
779
779
783
783
783
783
783
792
792
792
792
792
787
787
787
787
787
787
796
796
796
796
796
803
803
803
803
803
814
814
814
814
814
814
804
804
804
804
804
811
811
811
811
811
806
806
806
806
806
806
796
796
796
796
796
798
798
798
798
798
793
793
793
793
793
793
788
788
788
788
788
793
793
793
793
793
803
803
803
803
803
803
790
790
790
790
790
798
798
798
798
798
793
793
793
793
793
793
788
788
788
788
788
785
785
785
785
785
782
782
782
782
782
782
791
791
791
791
791
777
777
777
777
777
776
776
776
776
776
776
787
787
787
787
787
782
782
782
782
782
791
791
791
791
791
791
792
792
792
792
792
808
808
808
808
808
806
806
806
806
806
806
814
814
814
814
814
817
817
817
817
817
836
836
836
836
836
836
847
847
847
847
847
847
847
847
847
847
858
858
858
858
858
858
855
855
855
855
855
876
876
876
876
876
878
878
878
878
878
878
877
877
877
877
877
885
885
885
885
885
884
884
884
884
884
884
885
885
885
885
885
893
893
893
893
893
897
897
897
897
897
897
897
897
897
897
897
906
906
906
906
906
913
913
913
913
913
913
922
922
922
922
922
907
907
907
907
907
909
909
909
909
909
909
903
903
903
903
903
907
907
907
907
907
877
877
877
877
877
877
857
857
857
857
857
851
851
851
851
851
843
843
843
843
843
843
844
844
844
844
844
833
833
833
833
833
822
822
822
822
822
822
821
821
821
821
821
819
819
819
819
819