867
867
867
867
870
870
870
870
870
870
870
870
870
870
870
853
853
853
853
853
869
869
869
869
869
869
862
862
862
862
862
863
863
863
863
863
864
864
864
864
864
864
872
872
872
872
872
858
858
858
858
858
867
867
867
867
867
867
872
872
872
872
872
878
878
878
878
878
866
866
866
866
866
866
867
867
867
867
867
863
863
863
863
863
874
874
874
874
874
874
861
861
861
861
861
864
864
864
864
864
861
861
861
861
861
861
871
871
871
871
871
869
869
869
869
869
872
872
872
872
872
872
869
869
869
869
869
869
869
869
869
869
859
859
859
859
859
859
866
866
866
866
866
861
861
861
861
861
867
867
867
867
867
867
871
871
871
871
871
847
847
847
847
847
867
867
867
867
867
867
860
860
860
860
860
865
865
865
865
865
865
865
865
865
865
865
859
859
859
859
859
871
871
871
871
871
861
861
861
861
861
861
858
858
858
858
858
850
850
850
850
850
860
860
860
860
860
860
860
860
860
860
860
859
859
859
859
859
864
864
864
864
864
864
860
860
860
860
860
864
864
864
864
864
861
861
861
861
861
861
859
859
859
859
859
862
862
862
862
862
862
862
862
862
862
862
871
871
871
871
871
872
872
872
872
872
870
870
870
870
870
870
863
863
863
863
863
869
869
869
869
869
856
856
856
856
856
856
866
866
866
866
866
859
859
859
859
859
860
860
860
860
860
860
862
862
862
862
862
861
861
861
861
861
869
869
869
869
869
869
866
866
866
866
866
876
876
876
876
876
862
862
862
862
862
862
868
868
868
868
868
846
846
846
846
846
866
866
866
866
866
866
849
849
849
849
849
861
861
861
861
861
859
859
859
859
859
859
850
850
850
850
850
864
864
864
864
864
847
847
847
847
847
847
868
868
868
868
868
863
863
863
863
863
868
868
868
868
868
868
875
875
875
875
875
871
871
871
871
871
872
872
872
872
872
872
873
873
873
873
873
866
866
866
866
866
863
863
863
863
863
863
863
863
863
863
863
859
859
859
859
859
864
864
864
864
864
864
866
866
866
866
866
867
867
867
867
867
866
866
866
866
866
866
861
861
861
861
861
865
865
865
865
865
859
859
859
859
859
859
869
869
869
869
869
864
864
864
864
864
858
858
858
858
858
858
866
866
866
866
866
852
852
852
852
852
865
865
865
865
865
865
865
865
865
865
865
862
862
862
862
862
863
863
863
863
863
863
868
868
868
868
868
858
858
858
858
858
866
866
866
866
866
866
867
867
867
867
867
874
874
874
874
874
879
879
879
879
879
879
879
879
879
879
879
874
874
874
874
874
869
869
869
869
869
869
877
877
877
877
877
865
865
865
865
865
859
859
859
859
859
859
867
867
867
867
867
886
886
886
886
886
868
868
868
868
868
868
872
872
872
872
872
865
865
865
865
865
866
866
866
866
866
866
868
868
868
868
868
857
857
857
857
857
862
862
862
862
862
862
869
869
869
869
869
865
865
865
865
865
859
859
859
859
859
859
869
869
869
869
869
879
879
879
879
879
868
868
868
868
868
868
867
867
867
867
867
868
868
868
868
868
871
871
871
871
871
871
861
861
861
861
861
881
881
881
881
881
874
874
874
874
874
874
876
876
876
876
876
870
870
870
870
870
869
869
869
869
869
869
870
870
870
870
870
868
868
868
868
868
870
870
870
870
870
870
860
860
860
860
860
871
871
871
871
871
874
874
874
874
874
874
888
888
888
888
888
869
869
869
869
869
883
883
883
883
883
883
878
878
878
878
878
872
872
872
872
872
877
877
877
877
877
877
868
868
868
868
868
878
878
878
878
878
875
875
875
875
875
875
868
868
868
868
868
867
867
867
867
867
867
867
867
867
867
867
876
876
876
876
876
878
878
878
878
878
866
866
866
866
866
866
874
874
874
874
874
861
861
861
861
861
873
873
873
873
873
873
869
869
869
869
869
874
874
874
874
874
862
862
862
862
862
862
870
870
870
870
870
877
877
877
877
877
865
865
865
865
865
865
869
869
869
869
869
874
874
874
874
874
874
874
874
874
874
874
876
876
876
876
876
872
872
872
872
872
866
866
866
866
866
866
869
869
869
869
869
862
862
862
862
862
866
866
866
866
866
866
882
882
882
882
882
867
867
867
867
867
880
880
880
880
880
880
870
870
870
870
870
885
885
885
885
885
861
861
861
861
861
861
880
880
880
880
880
869
869
869
869
869
883
883
883
883
883
883
888
888
888
888
888
878
878
878
878
878
888
888
888
888
888
888
867
867
867
867
867
887
887
887
887
887
876
876
876
876
876
876
895
895
895
895
895
873
873
873
873
873
871
871
871
871
871
871
880
880
880
880
880
862
862
862
862
862
872
872
872
872
872
872
870
870
870
870
870
889
889
889
889
889
874
874
874
874
874
874
879
879
879
879
879
875
875
875
875
875
877
877
877
877
877
877
875
875
875
875
875
880
880
880
880
880
871
871
871
871
871
871
866
866
866
866
866
883
883
883
883
883
866
866
866
866
866
866
882
882
882
882
882
856
856
856
856
856
875
875
875
875
875
875
873
873
873
873
873
887
887
887
887
887
875
875
875
875
875
875
871
871
871
871
871
874
874
874
874
874
881
881
881
881
881
881
886
886
886
886
886
876
876
876
876
876
877
877
877
877
877
877
870
870
870
870
870
877
877
877
877
877
884
884
884
884
884
884
880
880
880
880
880
881
881
881
881
881
882
882
882
882
882
882
879
879
879
879
879
880
880
880
880
880
889
889
889
889
889
889
886
886
886
886
886
874
874
874
874
874
900
900
900
900
900
900
874
874
874
874
874
880
880
880
880
880
874
874
874
874
874
874
890
890
890
890
890
890
890
890
890
890
886
886
886
886
886
886
887
887
887
887
887
881
881
881
881
881
888
888
888
888
888
888
874
874
874
874
874
887
887
887
887
887
887
887
887
887
887
887
884
884
884
884
884
896
896
896
896
896
882
882
882
882
882
882
883
883
883
883
883
880
880
880
880
880
888
888
888
888
888
888
883
883
883
883
883
884
884
884
884
884
883
883
883
883
883
883
895
895
895
895
895
893
893
893
893
893
899
899
899
899
899
899
888
888
888
888
888
895
895
895
895
895
891
891
891
891
891
891
897
897
897
897
897
899
899
899
899
899
901
901
901
901
901
901
898
898
898
898
898
908
908
908
908
908
899
899
899
899
899
899
902
902
902
902
902
908
908
908
908
908
914
914
914
914
914
914
919
919
919
919
919
910
910
910
910
910
909
909
909
909
909
909
901
901
901
901
901
904
904
904
904
904
899
899
899
899
899
899
901
901
901
901
901
894
894
894
894
894
891
891
891
891
891
891
893
893
893
893
893
876
876
876
876
876
878
878
878
878
878
878
864
864
864
864
864
876
876
876
876
876
869
869
869
869
869
869
873
873
873
873
873
872
872
872
872
872
862
862
862
862
862
862
869
869
869
869
869
861
861
861
861
861
860
860
860
860
860
860
854
854
854
854
854
854
854
854
854
854
849
849
849
849
849
849
835
835
835
835
835
835
835
835
835
835
834
834
834
834
834
834
846
846
846
846
846
842
842
842
842
842
853
853
853
853
853
853
858
858
858
858
858
872
872
872
872
872
873
873
873
873
873
873
892
892
892
892
892
907
907
907
907
907
912
912
912
912
912
912
923
923
923
923
923
941
941
941
941
941
959
959
959
959
959
959
955
955
955
955
955
965
965
965
965
965
958
958
958
958
958
958
961
961
961
961
961
944
944
944
944
944
950
950
950
950
950
950
942
942
942
942
942
929
929
929
929
929
927
927
927
927
927
927
922
922
922
922
922
914
914
914
914
914
913
913
913
913
913
913
913
913
913
913
913
916
916
916
916
916
914
914
914
914
914
914
902
902
902
902
902
896
896
896
896
896
897
897
897
897
897
897
896
896
896
896
896
882
882
882
882
882
881
881
881
881
881
881
882
882
882
882
882
872
872
872
872
872
876
876
876
876
876
876
865
865
865
865
865
871
871
871
871
871
874
874
874
874
874
874
868
868
868
868
868
868
868
868
868
868
871
871
871
871
871
871
892
892
892
892
892
872
872
872
872
872
878
878
878
878
878
878
877
877
877
877
877
874
874
874
874
874
875
875
875
875
875
875
873
873
873
873
873
886
886
886
886
886
870
870
870
870
870
870
889
889
889
889
889
867
867
867
867
867
880
880
880
880
880
880
877
877
877
877
877
882
882
882
882
882
882
882
882
882
882
882
886
886
886
886
886
882
882
882
882
882
886
886
886
886
886
886
897
897
897
897
897
904
904
904
904
904
913
913
913
913
913
913
913
913
913
913
913
913
913
913
913
913
925
925
925
925
925
925
906
906
906
906
906
908
908
908
908
908
894
894
894
894
894
894
888
888
888
888
888
879
879
879
879
879
883
883
883
883
883
883
865
865
865
865
865
863
863
863
863
863
860
860
860
860
860
860
856
856
856
856
856
859
859
859
859
859
863
863
863
863
863
863
862
862
862
862
862
845
845
845
845
845
873
873
873
873
873
873
875
875
875
875
875
873
873
873
873
873
888
888
888
888
888
888
883
883
883
883
883
877
877
877
877
877
854
854
854
854
854
854
846
846
846
846
846
811
811
811
811
811
801
801
801
801
801
801
763
763
763
763
763
751
751
751
751
751
739
739
739
739
739
739
734
734
734
734
734
728
728
728
728
728
730
730
730
730
730
730
738
738
738
738
738
752
752
752
752
752
770
770
770
770
770
770
786
786
786
786
786
816
816
816
816
816
836
836
836
836
836
836
883
883
883
883
883
932
932
932
932
932
992
992
992
992
992
992
1069
1069
1069
1069
1069
1159
1159
1159
1159
1159
1235
1235
1235
1235
1235
1235
1306
1306
1306
1306
1306
1347
1347
1347
1347
1347
1359
1359
1359
1359
1359
1359
1338
1338
1338
1338
1338
1275
1275
1275
1275
1275
1190
1190
1190
1190
1190
1190
1087
1087
1087
1087
1087
973
973
973
973
973
882
882
882
882
882
882
793
793
793
793
793
740
740
740
740
740
705
705
705
705
705
705
673
673
673
673
673
653
653
653
653
653
629
629
629
629
629
629
617
617
617
617
617
601
601
601
601
601
590
590
590
590
590
590
584
584
584
584
584
575
575
575
575
575
570
570
570
570
570
570
560
560
560
560
560
554
554
554
554
554
542
542
542
542
542
542
529
529
529
529
529
529
529
529
529
529
523
523
523
523
523
523
522
522
522
522
522
522
522
522
522
522
527
527
527
527
527
527
534
534
534
534
534
553
553
553
553
553
584
584
584
584
584
584
664
664
664
664
664
1086
1086
1086
1086
1086
2406
2406
2406
2406
2406
2406
4090
4090
4090
4090
4090
4095
4095
4095
4095
4095
4095
4095
4095
4095
4095
4095
4095
4095
4095
4095
4095
4095
4095
4095
4095
4095
4095
4095
4095
4095
4095
4095
4095
4095
4095
4095
4095
4095
4095
4095
4095
4095
4095
4095
4095
4095
4095
4095
4095
4095
4095
4095
4095
2665
2665
2665
2665
2665
1181
1181
1181
1181
1181
1181
644
644
644
644
644
555
555
555
555
555
528
528
528
528
528
528
514
514
514
514
514
512
512
512
512
512
522
522
522
522
522
522
520
520
520
520
520
523
523
523
523
523
526
526
526
526
526
526
529
529
529
529
529
546
546
546
546
546
565
565
565
565
565
565
607
607
607
607
607
677
677
677
677
677
934
934
934
934
934
934
1704
1704
1704
1704
1704
2649
2649
2649
2649
2649
3561
3561
3561
3561
3561
3561
4095
4095
4095
4095
4095
4095
4095
4095
4095
4095
4095
4095
4095
4095
4095
4095
4095
4095
4095
4095
4095
4095
4095
4095
4095
4095
4095
4095
4095
4095
4095
4095
4095
4095
4095
4095
4095
4095
4095
4095
4095
4095
3849
3849
3849
3849
3849
3849
3281
3281
3281
3281
3281
2710
2710
2710
2710
2710
2236
2236
2236
2236
2236
2236
1803
1803
1803
1803
1803
1503
1503
1503
1503
1503
1288
1288
1288
1288
1288
1288
1174
1174
1174
1174
1174
1205
1205
1205
1205
1205
1319
1319
1319
1319
1319
1319
1606
1606
1606
1606
1606
1940
1940
1940
1940
1940
2425
2425
2425
2425
2425
2425
2936
2936
2936
2936
2936
3432
3432
3432
3432
3432
3957
3957
3957
3957
3957
3957
4095
4095
4095
4095
4095
4095
4095
4095
4095
4095
4095
4095
4095
4095
4095
4095
4095
4095
4095
4095
4095
4095
4095
4095
4095
4095
4095
4095
4095
4095
4095
4095
4095
4095
4095
4095
4095
4095
4095
4095
4095
4095
4038
4038
4038
4038
4038
4038
3733
3733
3733
3733
3733
3518
3518
3518
3518
3518
3278
3278
3278
3278
3278
3278
3167
3167
3167
3167
3167
3013
3013
3013
3013
3013
2969
2969
2969
2969
2969
2969
2932
2932
2932
2932
2932
2894
2894
2894
2894
2894
2851
2851
2851
2851
2851
2851
2746
2746
2746
2746
2746
2668
2668
2668
2668
2668
2563
2563
2563
2563
2563
2563
2465
2465
2465
2465
2465
2322
2322
2322
2322
2322
2241
2241
2241
2241
2241
2241
2157
2157
2157
2157
2157
2093
2093
2093
2093
2093
2092
2092
2092
2092
2092
2092
2034
2034
2034
2034
2034
2002
2002
2002
2002
2002
1891
1891
1891
1891
1891
1891
1774
1774
1774
1774
1774
1637
1637
1637
1637
1637
1527
1527
1527
1527
1527
1527
1437
1437
1437
1437
1437
1393
1393
1393
1393
1393
1411
1411
1411
1411
1411
1411
1488
1488
1488
1488
1488
1579
1579
1579
1579
1579
1642
1642
1642
1642
1642
1642
1674
1674
1674
1674
1674
1681
1681
1681
1681
1681
1645
1645
1645
1645
1645
1645
1560
1560
1560
1560
1560
1493
1493
1493
1493
1493
1429
1429
1429
1429
1429
1429
1382
1382
1382
1382
1382
1361
1361
1361
1361
1361
1335
1335
1335
1335
1335
1335
1358
1358
1358
1358
1358
1364
1364
1364
1364
1364
1410
1410
1410
1410
1410
1410
1449
1449
1449
1449
1449
1536
1536
1536
1536
1536
1650
1650
1650
1650
1650
1650
1790
1790
1790
1790
1790
1975
1975
1975
1975
1975
2170
2170
2170
2170
2170
2170
2395
2395
2395
2395
2395
2594
2594
2594
2594
2594
2775
2775
2775
2775
2775
2775
2952
2952
2952
2952
2952
3125
3125
3125
3125
3125
3311
3311
3311
3311
3311
3311
3492
3492
3492
3492
3492
3629
3629
3629
3629
3629
3725
3725
3725
3725
3725
3725
3770
3770
3770
3770
3770
3756
3756
3756
3756
3756
3722
3722
3722
3722
3722
3722
3612
3612
3612
3612
3612
3523
3523
3523
3523
3523
3405
3405
3405
3405
3405
3405
3325
3325
3325
3325
3325
3245
3245
3245
3245
3245
3127
3127
3127
3127
3127
3127
2944
2944
2944
2944
2944
2766
2766
2766
2766
2766
2597
2597
2597
2597
2597
2597
2359
2359
2359
2359
2359
2222
2222
2222
2222
2222
2100
2100
2100
2100
2100
2100
2054
2054
2054
2054
2054
2038
2038
2038
2038
2038
2038
2038
2038
2038
2038
2038
2059
2059
2059
2059
2059
2085
2085
2085
2085
2085
2098
2098
2098
2098
2098
2098
2144
2144
2144
2144
2144
2153
2153
2153
2153
2153
2214
2214
2214
2214
2214
2214
2288
2288
2288
2288
2288
2376
2376
2376
2376
2376
2444
2444
2444
2444
2444
2444
2524
2524
2524
2524
2524
2553
2553
2553
2553
2553
2588
2588
2588
2588
2588
2588
2613
2613
2613
2613
2613
2654
2654
2654
2654
2654
2658
2658
2658
2658
2658
2658
2707
2707
2707
2707
2707
2742
2742
2742
2742
2742
2761
2761
2761
2761
2761
2761
2781
2781
2781
2781
2781
2786
2786
2786
2786
2786
2799
2799
2799
2799
2799
2799
2776
2776
2776
2776
2776
2722
2722
2722
2722
2722
2667
2667
2667
2667
2667
2667
2601
2601
2601
2601
2601
2495
2495
2495
2495
2495
2374
2374
2374
2374
2374
2374
2226
2226
2226
2226
2226
2075
2075
2075
2075
2075
1945
1945
1945
1945
1945
1945
1864
1864
1864
1864
1864
1780
1780
1780
1780
1780
1727
1727
1727
1727
1727
1727
1710
1710
1710
1710
1710
1731
1731
1731
1731
1731
1768
1768
1768
1768
1768
1768
1809
1809
1809
1809
1809
1868
1868
1868
1868
1868
1951
1951
1951
1951
1951
1951
2096
2096
2096
2096
2096
2248
2248
2248
2248
2248
2433
2433
2433
2433
2433
2433
2633
2633
2633
2633
2633
2864
2864
2864
2864
2864
3122
3122
3122
3122
3122
3122
3328
3328
3328
3328
3328
3465
3465
3465
3465
3465
3523
3523
3523
3523
3523
3523
3557
3557
3557
3557
3557
3540
3540
3540
3540
3540
3470
3470
3470
3470
3470
3470
3386
3386
3386
3386
3386
3276
3276
3276
3276
3276
3149
3149
3149
3149
3149
3149
2986
2986
2986
2986
2986
2832
2832
2832
2832
2832
2664
2664
2664
2664
2664
2664
2501
2501
2501
2501
2501
2297
2297
2297
2297
2297
2142
2142
2142
2142
2142
2142
2018
2018
2018
2018
2018
1937
1937
1937
1937
1937
1837
1837
1837
1837
1837
1837
1769
1769
1769
1769
1769
1691
1691
1691
1691
1691
1621
1621
1621
1621
1621
1621
1548
1548
1548
1548
1548
1490
1490
1490
1490
1490
1449
1449
1449
1449
1449
1449
1420
1420
1420
1420
1420
1424
1424
1424
1424
1424
1455
1455
1455
1455
1455
1455
1497
1497
1497
1497
1497
1508
1508
1508
1508
1508
1551
1551
1551
1551
1551
1551
1532
1532
1532
1532
1532
1526
1526
1526
1526
1526
1478
1478
1478
1478
1478
1478
1471
1471
1471
1471
1471
1474
1474
1474
1474
1474
1514
1514
1514
1514
1514
1514
1593
1593
1593
1593
1593
1722
1722
1722
1722
1722
1913
1913
1913
1913
1913
1913
2088
2088
2088
2088
2088
2307
2307
2307
2307
2307
2509
2509
2509
2509
2509
2509
2676
2676
2676
2676
2676
2754
2754
2754
2754
2754
2781
2781
2781
2781
2781
2781
2726
2726
2726
2726
2726
2612
2612
2612
2612
2612
2440
2440
2440
2440
2440
2440
2215
2215
2215
2215
2215
2004
2004
2004
2004
2004
1772
1772
1772
1772
1772
1772
1568
1568
1568
1568
1568
1424
1424
1424
1424
1424
1281
1281
1281
1281
1281
1281
1166
1166
1166
1166
1166
1109
1109
1109
1109
1109
1055
1055
1055
1055
1055
1055
1039
1039
1039
1039
1039
1026
1026
1026
1026
1026
1029
1029
1029
1029
1029
1029
1069
1069
1069
1069
1069
1140
1140
1140
1140
1140
1245
1245
1245
1245
1245
1245
1370
1370
1370
1370
1370
1534
1534
1534
1534
1534
1691
1691
1691
1691
1691
1691
1862
1862
1862
1862
1862
2022
2022
2022
2022
2022
2173
2173
2173
2173
2173
2173
2302
2302
2302
2302
2302
2460
2460
2460
2460
2460
2606
2606
2606
2606
2606
2606
2736
2736
2736
2736
2736
2810
2810
2810
2810
2810
2885
2885
2885
2885
2885
2885
2905
2905
2905
2905
2905
2880
2880
2880
2880
2880
2799
2799
2799
2799
2799
2799
2663
2663
2663
2663
2663
2529
2529
2529
2529
2529
2385
2385
2385
2385
2385
2385
2217
2217
2217
2217
2217
2149
2149
2149
2149
2149
2042
2042
2042
2042
2042
2042
1964
1964
1964
1964
1964
1925
1925
1925
1925
1925
1892
1892
1892
1892
1892
1892
1857
1857
1857
1857
1857
1856
1856
1856
1856
1856
1891
1891
1891
1891
1891
1891
1940
1940
1940
1940
1940
2000
2000
2000
2000
2000
2083
2083
2083
2083
2083
2083
2155
2155
2155
2155
2155
2229
2229
2229
2229
2229
2265
2265
2265
2265
2265
2265
2305
2305
2305
2305
2305
2283
2283
2283
2283
2283
2271
2271
2271
2271
2271
2271
2244
2244
2244
2244
2244
2230
2230
2230
2230
2230
2222
2222
2222
2222
2222
2222
2236
2236
2236
2236
2236
2270
2270
2270
2270
2270
2301
2301
2301
2301
2301
2301
2355
2355
2355
2355
2355
2407
2407
2407
2407
2407
2443
2443
2443
2443
2443
2443
2489
2489
2489
2489
2489
2514
2514
2514
2514
2514
2502
2502
2502
2502
2502
2502
2477
2477
2477
2477
2477
2452
2452
2452
2452
2452
2362
2362
2362
2362
2362
2362
2279
2279
2279
2279
2279
2161
2161
2161
2161
2161
2031
2031
2031
2031
2031
2031
1892
1892
1892
1892
1892
1767
1767
1767
1767
1767
1656
1656
1656
1656
1656
1656
1543
1543
1543
1543
1543
1466
1466
1466
1466
1466
1389
1389
1389
1389
1389
1389
1335
1335
1335
1335
1335
1309
1309
1309
1309
1309
1286
1286
1286
1286
1286
1286
1306
1306
1306
1306
1306
1319
1319
1319
1319
1319
1383
1383
1383
1383
1383
1383
1447
1447
1447
1447
1447
1552
1552
1552
1552
1552
1669
1669
1669
1669
1669
1669
1797
1797
1797
1797
1797
1886
1886
1886
1886
1886
1965
1965
1965
1965
1965
1965
1995
1995
1995
1995
1995
2034
2034
2034
2034
2034
2027
2027
2027
2027
2027
2027
2021
2021
2021
2021
2021
2003
2003
2003
2003
2003
1925
1925
1925
1925
1925
1925
1837
1837
1837
1837
1837
1745
1745
1745
1745
1745
1636
1636
1636
1636
1636
1636
1541
1541
1541
1541
1541
1458
1458
1458
1458
1458
1379
1379
1379
1379
1379
1379
1369
1369
1369
1369
1369
1353
1353
1353
1353
1353
1389
1389
1389
1389
1389
1389
1422
1422
1422
1422
1422
1490
1490
1490
1490
1490
1535
1535
1535
1535
1535
1535
1633
1633
1633
1633
1633
1683
1683
1683
1683
1683
1758
1758
1758
1758
1758
1758
1850
1850
1850
1850
1850
1913
1913
1913
1913
1913
1989
1989
1989
1989
1989
1989
2042
2042
2042
2042
2042
2101
2101
2101
2101
2101
2123
2123
2123
2123
2123
2123
2116
2116
2116
2116
2116
2109
2109
2109
2109
2109
2101
2101
2101
2101
2101
2101
2081
2081
2081
2081
2081
2018
2018
2018
2018
2018
1999
1999
1999
1999
1999
1999
1950
1950
1950
1950
1950
1931
1931
1931
1931
1931
1938
1938
1938
1938
1938
1938
1918
1918
1918
1918
1918
1935
1935
1935
1935
1935
1979
1979
1979
1979
1979
1979
2003
2003
2003
2003
2003
2045
2045
2045
2045
2045
2079
2079
2079
2079
2079
2079
2116
2116
2116
2116
2116
2165
2165
2165
2165
2165
2171
2171
2171
2171
2171
2171
2211
2211
2211
2211
2211
2209
2209
2209
2209
2209
2204
2204
2204
2204
2204
2204
2194
2194
2194
2194
2194
2172
2172
2172
2172
2172
2165
2165
2165
2165
2165
2165
2094
2094
2094
2094
2094
2044
2044
2044
2044
2044
2015
2015
2015
2015
2015
2015
1939
1939
1939
1939
1939
1893
1893
1893
1893
1893
1840
1840
1840
1840
1840
1840
1805
1805
1805
1805
1805
1781
1781
1781
1781
1781
1769
1769
1769
1769
1769
1769
1772
1772
1772
1772
1772
1800
1800
1800
1800
1800
1828
1828
1828
1828
1828
1828
1814
1814
1814
1814
1814
1827
1827
1827
1827
1827
1795
1795
1795
1795
1795
1795
1755
1755
1755
1755
1755
1722
1722
1722
1722
1722
1674
1674
1674
1674
1674
1674
1602
1602
1602
1602
1602
1557
1557
1557
1557
1557
1495
1495
1495
1495
1495
1495
1460
1460
1460
1460
1460
1436
1436
1436
1436
1436
1388
1388
1388
1388
1388
1388
1380
1380
1380
1380
1380
1371
1371
1371
1371
1371
1368
1368
1368
1368
1368
1368
1390
1390
1390
1390
1390
1404
1404
1404
1404
1404
1431
1431
1431
1431
1431
1431
1423
1423
1423
1423
1423
1423
1423
1423
1423
1423
1395
1395
1395
1395
1395
1395
1380
1380
1380
1380
1380
1351
1351
1351
1351
1351
1303
1303
1303
1303
1303
1303
1263
1263
1263
1263
1263
1236
1236
1236
1236
1236
1220
1220
1220
1220
1220
1220
1201
1201
1201
1201
1201
1193
1193
1193
1193
1193
1197
1197
1197
1197
1197
1197
1249
1249
1249
1249
1249
1285
1285
1285
1285
1285
1352
1352
1352
1352
1352
1352
1438
1438
1438
1438
1438
1545
1545
1545
1545
1545
1658
1658
1658
1658
1658
1658
1785
1785
1785
1785
1785
1920
1920
1920
1920
1920
2007
2007
2007
2007
2007
2007
2125
2125
2125
2125
2125
2181
2181
2181
2181
2181
2255
2255
2255
2255
2255
2255
2257
2257
2257
2257
2257
2250
2250
2250
2250
2250
2246
2246
2246
2246
2246
2246
2199
2199
2199
2199
2199
2183
2183
2183
2183
2183
2136
2136
2136
2136
2136
2136
2110
2110
2110
2110
2110
2067
2067
2067
2067
2067
2028
2028
2028
2028
2028
2028
2026
2026
2026
2026
2026
2005
2005
2005
2005
2005
2023
2023
2023
2023
2023
2023
2033
2033
2033
2033
2033
2054
2054
2054
2054
2054
2104
2104
2104
2104
2104
2104
2149
2149
2149
2149
2149
2182
2182
2182
2182
2182
2208
2208
2208
2208
2208
2208
2225
2225
2225
2225
2225
2232
2232
2232
2232
2232
2215
2215
2215
2215
2215
2215
2177
2177
2177
2177
2177
2144
2144
2144
2144
2144
2076
2076
2076
2076
2076
2076
2032
2032
2032
2032
2032
1952
1952
1952
1952
1952
1896
1896
1896
1896
1896
1896
1810
1810
1810
1810
1810
1732
1732
1732
1732
1732
1669
1669
1669
1669
1669
1669
1589
1589
1589
1589
1589
1538
1538
1538
1538
1538
1459
1459
1459
1459
1459
1459
1404
1404
1404
1404
1404
1342
1342
1342
1342
1342
1291
1291
1291
1291
1291
1291
1228
1228
1228
1228
1228
1212
1212
1212
1212
1212
1155
1155
1155
1155
1155
1155
1148
1148
1148
1148
1148
1122
1122
1122
1122
1122
1099
1099
1099
1099
1099
1099
1103
1103
1103
1103
1103
1121
1121
1121
1121
1121
1130
1130
1130
1130
1130
1130
1168
1168
1168
1168
1168
1189
1189
1189
1189
1189
1213
1213
1213
1213
1213
1213
1223
1223
1223
1223
1223
1269
1269
1269
1269
1269
1303
1303
1303
1303
1303
1303
1347
1347
1347
1347
1347
1356
1356
1356
1356
1356
1403
1403
1403
1403
1403
1403
1444
1444
1444
1444
1444
1502
1502
1502
1502
1502
1562
1562
1562
1562
1562
1562
1607
1607
1607
1607
1607
1672
1672
1672
1672
1672
1695
1695
1695
1695
1695
1695
1749
1749
1749
1749
1749
1795
1795
1795
1795
1795
1859
1859
1859
1859
1859
1859
1906
1906
1906
1906
1906
1962
1962
1962
1962
1962
2038
2038
2038
2038
2038
2038
2091
2091
2091
2091
2091
2133
2133
2133
2133
2133
2173
2173
2173
2173
2173
2173
2206
2206
2206
2206
2206
2220
2220
2220
2220
2220
2215
2215
2215
2215
2215
2215
2227
2227
2227
2227
2227
2239
2239
2239
2239
2239
2227
2227
2227