2147
2147
2126
2126
2126
2126
2126
2084
2084
2084
2084
2084
2124
2124
2124
2124
2124
2124
2123
2123
2123
2123
2123
2106
2106
2106
2106
2106
2102
2102
2102
2102
2102
2102
2131
2131
2131
2131
2131
2116
2116
2116
2116
2116
2125
2125
2125
2125
2125
2125
2081
2081
2081
2081
2081
2098
2098
2098
2098
2098
2132
2132
2132
2132
2132
2132
2140
2140
2140
2140
2140
2084
2084
2084
2084
2084
2094
2094
2094
2094
2094
2094
2104
2104
2104
2104
2104
2071
2071
2071
2071
2071
2107
2107
2107
2107
2107
2107
2078
2078
2078
2078
2078
2135
2135
2135
2135
2135
2142
2142
2142
2142
2142
2142
2136
2136
2136
2136
2136
2104
2104
2104
2104
2104
2139
2139
2139
2139
2139
2139
2125
2125
2125
2125
2125
2111
2111
2111
2111
2111
2111
2111
2111
2111
2111
2111
2093
2093
2093
2093
2093
2111
2111
2111
2111
2111
2096
2096
2096
2096
2096
2096
2084
2084
2084
2084
2084
2084
2084
2084
2084
2084
2113
2113
2113
2113
2113
2113
2129
2129
2129
2129
2129
2091
2091
2091
2091
2091
2129
2129
2129
2129
2129
2129
2113
2113
2113
2113
2113
2130
2130
2130
2130
2130
2094
2094
2094
2094
2094
2094
2101
2101
2101
2101
2101
2095
2095
2095
2095
2095
2109
2109
2109
2109
2109
2109
2082
2082
2082
2082
2082
2116
2116
2116
2116
2116
2133
2133
2133
2133
2133
2133
2081
2081
2081
2081
2081
2139
2139
2139
2139
2139
2096
2096
2096
2096
2096
2096
2168
2168
2168
2168
2168
2104
2104
2104
2104
2104
2112
2112
2112
2112
2112
2112
2113
2113
2113
2113
2113
2104
2104
2104
2104
2104
2125
2125
2125
2125
2125
2125
2114
2114
2114
2114
2114
2112
2112
2112
2112
2112
2111
2111
2111
2111
2111
2111
2135
2135
2135
2135
2135
2095
2095
2095
2095
2095
2120
2120
2120
2120
2120
2120
2105
2105
2105
2105
2105
2102
2102
2102
2102
2102
2149
2149
2149
2149
2149
2149
2099
2099
2099
2099
2099
2087
2087
2087
2087
2087
2090
2090
2090
2090
2090
2090
2092
2092
2092
2092
2092
2050
2050
2050
2050
2050
2132
2132
2132
2132
2132
2132
2109
2109
2109
2109
2109
2112
2112
2112
2112
2112
2118
2118
2118
2118
2118
2118
2094
2094
2094
2094
2094
2175
2175
2175
2175
2175
2049
2049
2049
2049
2049
2049
2077
2077
2077
2077
2077
2094
2094
2094
2094
2094
2099
2099
2099
2099
2099
2099
2061
2061
2061
2061
2061
2123
2123
2123
2123
2123
2127
2127
2127
2127
2127
2127
2102
2102
2102
2102
2102
2150
2150
2150
2150
2150
2053
2053
2053
2053
2053
2053
2087
2087
2087
2087
2087
2039
2039
2039
2039
2039
2093
2093
2093
2093
2093
2093
2104
2104
2104
2104
2104
2119
2119
2119
2119
2119
2088
2088
2088
2088
2088
2088
2081
2081
2081
2081
2081
2083
2083
2083
2083
2083
2101
2101
2101
2101
2101
2101
2053
2053
2053
2053
2053
2060
2060
2060
2060
2060
2092
2092
2092
2092
2092
2092
2052
2052
2052
2052
2052
2055
2055
2055
2055
2055
2104
2104
2104
2104
2104
2104
2116
2116
2116
2116
2116
2095
2095
2095
2095
2095
2078
2078
2078
2078
2078
2078
2087
2087
2087
2087
2087
2102
2102
2102
2102
2102
2112
2112
2112
2112
2112
2112
2098
2098
2098
2098
2098
2087
2087
2087
2087
2087
2084
2084
2084
2084
2084
2084
2152
2152
2152
2152
2152
2080
2080
2080
2080
2080
2106
2106
2106
2106
2106
2106
2099
2099
2099
2099
2099
2090
2090
2090
2090
2090
2072
2072
2072
2072
2072
2072
2031
2031
2031
2031
2031
2120
2120
2120
2120
2120
2089
2089
2089
2089
2089
2089
2053
2053
2053
2053
2053
2080
2080
2080
2080
2080
2076
2076
2076
2076
2076
2076
2074
2074
2074
2074
2074
2049
2049
2049
2049
2049
2070
2070
2070
2070
2070
2070
2039
2039
2039
2039
2039
2025
2025
2025
2025
2025
2066
2066
2066
2066
2066
2066
2053
2053
2053
2053
2053
2075
2075
2075
2075
2075
2104
2104
2104
2104
2104
2104
2089
2089
2089
2089
2089
2038
2038
2038
2038
2038
2125
2125
2125
2125
2125
2125
2066
2066
2066
2066
2066
2087
2087
2087
2087
2087
2080
2080
2080
2080
2080
2080
2098
2098
2098
2098
2098
2093
2093
2093
2093
2093
2103
2103
2103
2103
2103
2103
2075
2075
2075
2075
2075
2107
2107
2107
2107
2107
2065
2065
2065
2065
2065
2065
2110
2110
2110
2110
2110
2085
2085
2085
2085
2085
2078
2078
2078
2078
2078
2078
2099
2099
2099
2099
2099
2069
2069
2069
2069
2069
2086
2086
2086
2086
2086
2086
2107
2107
2107
2107
2107
2110
2110
2110
2110
2110
2064
2064
2064
2064
2064
2064
2084
2084
2084
2084
2084
2107
2107
2107
2107
2107
2082
2082
2082
2082
2082
2082
2100
2100
2100
2100
2100
2117
2117
2117
2117
2117
2094
2094
2094
2094
2094
2094
2052
2052
2052
2052
2052
2085
2085
2085
2085
2085
2102
2102
2102
2102
2102
2102
2106
2106
2106
2106
2106
2064
2064
2064
2064
2064
2072
2072
2072
2072
2072
2072
2051
2051
2051
2051
2051
2095
2095
2095
2095
2095
2087
2087
2087
2087
2087
2087
2103
2103
2103
2103
2103
2124
2124
2124
2124
2124
2034
2034
2034
2034
2034
2034
2114
2114
2114
2114
2114
2032
2032
2032
2032
2032
2079
2079
2079
2079
2079
2079
2073
2073
2073
2073
2073
2092
2092
2092
2092
2092
2077
2077
2077
2077
2077
2077
2066
2066
2066
2066
2066
2042
2042
2042
2042
2042
2078
2078
2078
2078
2078
2078
2131
2131
2131
2131
2131
2093
2093
2093
2093
2093
2113
2113
2113
2113
2113
2113
2094
2094
2094
2094
2094
2089
2089
2089
2089
2089
2053
2053
2053
2053
2053
2053
2063
2063
2063
2063
2063
2077
2077
2077
2077
2077
2041
2041
2041
2041
2041
2041
2128
2128
2128
2128
2128
2060
2060
2060
2060
2060
2099
2099
2099
2099
2099
2099
2051
2051
2051
2051
2051
2074
2074
2074
2074
2074
2096
2096
2096
2096
2096
2096
2103
2103
2103
2103
2103
2097
2097
2097
2097
2097
2072
2072
2072
2072
2072
2072
2084
2084
2084
2084
2084
2108
2108
2108
2108
2108
2088
2088
2088
2088
2088
2088
2105
2105
2105
2105
2105
2112
2112
2112
2112
2112
2073
2073
2073
2073
2073
2073
2095
2095
2095
2095
2095
2115
2115
2115
2115
2115
2087
2087
2087
2087
2087
2087
2126
2126
2126
2126
2126
2112
2112
2112
2112
2112
2085
2085
2085
2085
2085
2085
2096
2096
2096
2096
2096
2086
2086
2086
2086
2086
2094
2094
2094
2094
2094
2094
2116
2116
2116
2116
2116
2088
2088
2088
2088
2088
2090
2090
2090
2090
2090
2090
2081
2081
2081
2081
2081
2118
2118
2118
2118
2118
2091
2091
2091
2091
2091
2091
2091
2091
2091
2091
2091
2079
2079
2079
2079
2079
2056
2056
2056
2056
2056
2056
2068
2068
2068
2068
2068
2058
2058
2058
2058
2058
2131
2131
2131
2131
2131
2131
2074
2074
2074
2074
2074
2118
2118
2118
2118
2118
2088
2088
2088
2088
2088
2088
2076
2076
2076
2076
2076
2115
2115
2115
2115
2115
2111
2111
2111
2111
2111
2111
2105
2105
2105
2105
2105
2080
2080
2080
2080
2080
2108
2108
2108
2108
2108
2108
2102
2102
2102
2102
2102
2078
2078
2078
2078
2078
2150
2150
2150
2150
2150
2150
2141
2141
2141
2141
2141
2095
2095
2095
2095
2095
2096
2096
2096
2096
2096
2096
2129
2129
2129
2129
2129
2113
2113
2113
2113
2113
2063
2063
2063
2063
2063
2063
2082
2082
2082
2082
2082
2087
2087
2087
2087
2087
2113
2113
2113
2113
2113
2113
2087
2087
2087
2087
2087
2069
2069
2069
2069
2069
2078
2078
2078
2078
2078
2078
2071
2071
2071
2071
2071
2081
2081
2081
2081
2081
2083
2083
2083
2083
2083
2083
2083
2083
2083
2083
2083
2037
2037
2037
2037
2037
2068
2068
2068
2068
2068
2068
2077
2077
2077
2077
2077
2077
2077
2077
2077
2077
2075
2075
2075
2075
2075
2075
2105
2105
2105
2105
2105
2098
2098
2098
2098
2098
2124
2124
2124
2124
2124
2124
2077
2077
2077
2077
2077
2110
2110
2110
2110
2110
2080
2080
2080
2080
2080
2080
2111
2111
2111
2111
2111
2080
2080
2080
2080
2080
2080
2080
2080
2080
2080
2080
2064
2064
2064
2064
2064
2065
2065
2065
2065
2065
2051
2051
2051
2051
2051
2051
2047
2047
2047
2047
2047
2077
2077
2077
2077
2077
2068
2068
2068
2068
2068
2068
2085
2085
2085
2085
2085
2098
2098
2098
2098
2098
2080
2080
2080
2080
2080
2080
2068
2068
2068
2068
2068
2063
2063
2063
2063
2063
2075
2075
2075
2075
2075
2075
2059
2059
2059
2059
2059
2075
2075
2075
2075
2075
2068
2068
2068
2068
2068
2068
2081
2081
2081
2081
2081
2097
2097
2097
2097
2097
2069
2069
2069
2069
2069
2069
2063
2063
2063
2063
2063
2088
2088
2088
2088
2088
2083
2083
2083
2083
2083
2083
2094
2094
2094
2094
2094
2048
2048
2048
2048
2048
2050
2050
2050
2050
2050
2050
2096
2096
2096
2096
2096
2064
2064
2064
2064
2064
2070
2070
2070
2070
2070
2070
2057
2057
2057
2057
2057
2096
2096
2096
2096
2096
2083
2083
2083
2083
2083
2083
2072
2072
2072
2072
2072
2068
2068
2068
2068
2068
2063
2063
2063
2063
2063
2063
2096
2096
2096
2096
2096
2061
2061
2061
2061
2061
2088
2088
2088
2088
2088
2088
2078
2078
2078
2078
2078
2072
2072
2072
2072
2072
2067
2067
2067
2067
2067
2067
2047
2047
2047
2047
2047
2053
2053
2053
2053
2053
2064
2064
2064
2064
2064
2064
2067
2067
2067
2067
2067
2085
2085
2085
2085
2085
2063
2063
2063
2063
2063
2063
2053
2053
2053
2053
2053
2082
2082
2082
2082
2082
2068
2068
2068
2068
2068
2068
2091
2091
2091
2091
2091
2082
2082
2082
2082
2082
2077
2077
2077
2077
2077
2077
2069
2069
2069
2069
2069
2104
2104
2104
2104
2104
2073
2073
2073
2073
2073
2073
2068
2068
2068
2068
2068
2079
2079
2079
2079
2079
2059
2059
2059
2059
2059
2059
2062
2062
2062
2062
2062
2053
2053
2053
2053
2053
2065
2065
2065
2065
2065
2065
2066
2066
2066
2066
2066
2051
2051
2051
2051
2051
2064
2064
2064
2064
2064
2064
2081
2081
2081
2081
2081
2079
2079
2079
2079
2079
2063
2063
2063
2063
2063
2063
2104
2104
2104
2104
2104
2055
2055
2055
2055
2055
2102
2102
2102
2102
2102
2102
2069
2069
2069
2069
2069
2087
2087
2087
2087
2087
2066
2066
2066
2066
2066
2066
2073
2073
2073
2073
2073
2071
2071
2071
2071
2071
2053
2053
2053
2053
2053
2053
2079
2079
2079
2079
2079
2080
2080
2080
2080
2080
2102
2102
2102
2102
2102
2102
2071
2071
2071
2071
2071
2084
2084
2084
2084
2084
2092
2092
2092
2092
2092
2092
2068
2068
2068
2068
2068
2105
2105
2105
2105
2105
2083
2083
2083
2083
2083
2083
2081
2081
2081
2081
2081
2048
2048
2048
2048
2048
2127
2127
2127
2127
2127
2127
2064
2064
2064
2064
2064
2102
2102
2102
2102
2102
2118
2118
2118
2118
2118
2118
2068
2068
2068
2068
2068
2059
2059
2059
2059
2059
2078
2078
2078
2078
2078
2078
2093
2093
2093
2093
2093
2048
2048
2048
2048
2048
2076
2076
2076
2076
2076
2076
2063
2063
2063
2063
2063
2100
2100
2100
2100
2100
2061
2061
2061
2061
2061
2061
2072
2072
2072
2072
2072
2076
2076
2076
2076
2076
2051
2051
2051
2051
2051
2051
2111
2111
2111
2111
2111
2081
2081
2081
2081
2081
2112
2112
2112
2112
2112
2112
2028
2028
2028
2028
2028
2107
2107
2107
2107
2107
2082
2082
2082
2082
2082
2082
2064
2064
2064
2064
2064
2087
2087
2087
2087
2087
2075
2075
2075
2075
2075
2075
2106
2106
2106
2106
2106
2083
2083
2083
2083
2083
2094
2094
2094
2094
2094
2094
2078
2078
2078
2078
2078
2125
2125
2125
2125
2125
2079
2079
2079
2079
2079
2079
2087
2087
2087
2087
2087
2085
2085
2085
2085
2085
2069
2069
2069
2069
2069
2069
2075
2075
2075
2075
2075
2030
2030
2030
2030
2030
2103
2103
2103
2103
2103
2103
2083
2083
2083
2083
2083
2099
2099
2099
2099
2099
2071
2071
2071
2071
2071
2071
2100
2100
2100
2100
2100
2093
2093
2093
2093
2093
2065
2065
2065
2065
2065
2065
2092
2092
2092
2092
2092
2065
2065
2065
2065
2065
2091
2091
2091
2091
2091
2091
2060
2060
2060
2060
2060
2102
2102
2102
2102
2102
2050
2050
2050
2050
2050
2050
2053
2053
2053
2053
2053
2112
2112
2112
2112
2112
2083
2083
2083
2083
2083
2083
2079
2079
2079
2079
2079
2078
2078
2078
2078
2078
2080
2080
2080
2080
2080
2080
2051
2051
2051
2051
2051
2101
2101
2101
2101
2101
2076
2076
2076
2076
2076
2076
2075
2075
2075
2075
2075
2089
2089
2089
2089
2089
2067
2067
2067
2067
2067
2067
2127
2127
2127
2127
2127
2037
2037
2037
2037
2037
2099
2099
2099
2099
2099
2099
2062
2062
2062
2062
2062
2097
2097
2097
2097
2097
2094
2094
2094
2094
2094
2094
2069
2069
2069
2069
2069
2082
2082
2082
2082
2082
2008
2008
2008
2008
2008
2008
2092
2092
2092
2092
2092
2047
2047
2047
2047
2047
2077
2077
2077
2077
2077
2077
2014
2014
2014
2014
2014
2084
2084
2084
2084
2084
2085
2085
2085
2085
2085
2085
2103
2103
2103
2103
2103
2100
2100
2100
2100
2100
2064
2064
2064
2064
2064
2064
2078
2078
2078
2078
2078
2052
2052
2052
2052
2052
2064
2064
2064
2064
2064
2064
2058
2058
2058
2058
2058
2103
2103
2103
2103
2103
2057
2057
2057
2057
2057
2057
2122
2122
2122
2122
2122
2058
2058
2058
2058
2058
2046
2046
2046
2046
2046
2046
2121
2121
2121
2121
2121
2067
2067
2067
2067
2067
2082
2082
2082
2082
2082
2082
2078
2078
2078
2078
2078
2070
2070
2070
2070
2070
2090
2090
2090
2090
2090
2090
2083
2083
2083
2083
2083
2120
2120
2120
2120
2120
2087
2087
2087
2087
2087
2087
2055
2055
2055
2055
2055
2017
2017
2017
2017
2017
2041
2041
2041
2041
2041
2041
2072
2072
2072
2072
2072
2113
2113
2113
2113
2113
2082
2082
2082
2082
2082
2082
2029
2029
2029
2029
2029
2070
2070
2070
2070
2070
2044
2044
2044
2044
2044
2044
2090
2090
2090
2090
2090
2043
2043
2043
2043
2043
2090
2090
2090
2090
2090
2090
2030
2030
2030
2030
2030
2125
2125
2125
2125
2125
2068
2068
2068
2068
2068
2068
2048
2048
2048
2048
2048
2117
2117
2117
2117
2117
2055
2055
2055
2055
2055
2055
2106
2106
2106
2106
2106
2075
2075
2075
2075
2075
2093
2093
2093
2093
2093
2093
2057
2057
2057
2057
2057
2094
2094
2094
2094
2094
2047
2047
2047
2047
2047
2047
2051
2051
2051
2051
2051
2060
2060
2060
2060
2060
2087
2087
2087
2087
2087
2087
2076
2076
2076
2076
2076
2090
2090
2090
2090
2090
2099
2099
2099
2099
2099
2099
2056
2056
2056
2056
2056
2084
2084
2084
2084
2084
2031
2031
2031
2031
2031
2031
2102
2102
2102
2102
2102
2038
2038
2038
2038
2038
2100
2100
2100
2100
2100
2100
2077
2077
2077
2077
2077
2084
2084
2084
2084
2084
2061
2061
2061
2061
2061
2061
2095
2095
2095
2095
2095
2114
2114
2114
2114
2114
2058
2058
2058
2058
2058
2058
2104
2104
2104
2104
2104
2098
2098
2098
2098
2098
2074
2074
2074
2074
2074
2074
2087
2087
2087
2087
2087
2086
2086
2086
2086
2086
2094
2094
2094
2094
2094
2094
2015
2015
2015
2015
2015
2152
2152
2152
2152
2152
2084
2084
2084
2084
2084
2084
2072
2072
2072
2072
2072
2053
2053
2053
2053
2053
2110
2110
2110
2110
2110
2110
2073
2073
2073
2073
2073
2050
2050
2050
2050
2050
2157
2157
2157
2157
2157
2157
2055
2055
2055
2055
2055
2110
2110
2110
2110
2110
2068
2068
2068
2068
2068
2068
2097
2097
2097
2097
2097
2083
2083
2083
2083
2083
2123
2123
2123
2123
2123
2123
2085
2085
2085
2085
2085
2055
2055
2055
2055
2055
2162
2162
2162
2162
2162
2162
2104
2104
2104
2104
2104
2085
2085
2085
2085
2085
2089
2089
2089
2089
2089
2089
2124
2124
2124
2124
2124
2091
2091
2091
2091
2091
2082
2082
2082
2082
2082
2082
2111
2111
2111
2111
2111
2095
2095
2095
2095
2095
2111
2111
2111
2111
2111
2111
2109
2109
2109
2109
2109
2124
2124
2124
2124
2124
2079
2079
2079
2079
2079
2079
2111
2111
2111
2111
2111
2076
2076
2076
2076
2076
2119
2119
2119
2119
2119
2119
2062
2062
2062
2062
2062
2117
2117
2117
2117
2117
2071
2071
2071
2071
2071
2071
2089
2089
2089
2089
2089
2084
2084
2084
2084
2084
2134
2134
2134
2134
2134
2134
2136
2136
2136
2136
2136
2103
2103
2103
2103
2103
2106
2106
2106
2106
2106
2106
2136
2136
2136
2136
2136
2108
2108
2108
2108
2108
2127
2127
2127
2127
2127
2127
2124
2124
2124
2124
2124
2105
2105
2105
2105
2105
2061
2061
2061
2061
2061
2061
2151
2151
2151
2151
2151
2093
2093
2093
2093
2093
2147
2147
2147
2147
2147
2147
2109
2109
2109
2109
2109
2104
2104
2104
2104
2104
2122
2122
2122
2122
2122
2122
2151
2151
2151
2151
2151
2178
2178
2178
2178
2178
2139
2139
2139
2139
2139
2139
2148
2148
2148
2148
2148
2092
2092
2092
2092
2092
2166
2166
2166
2166
2166
2166
2096
2096
2096
2096
2096
2116
2116
2116
2116
2116
2131
2131
2131
2131
2131
2131
2127
2127
2127
2127
2127
2118
2118
2118
2118
2118
2147
2147
2147
2147
2147
2147
2152
2152
2152
2152
2152
2158
2158
2158
2158
2158
2094
2094
2094
2094
2094
2094
2128
2128
2128
2128
2128
2131
2131
2131
2131
2131
2164
2164
2164
2164
2164
2164
2134
2134
2134
2134
2134
2135
2135
2135
2135
2135
2140
2140
2140
2140
2140
2140
2141
2141
2141
2141
2141
2173
2173
2173
2173
2173
2112
2112
2112
2112
2112
2112
2175
2175
2175
2175
2175
2143
2143
2143
2143
2143
2132
2132
2132
2132
2132
2132
2189
2189
2189
2189
2189
2172
2172
2172
2172
2172
2177
2177
2177
2177
2177
2177
2185
2185
2185
2185
2185
2141
2141
2141
2141
2141
2178
2178
2178
2178
2178
2178
2208
2208
2208
2208
2208
2194
2194
2194
2194
2194
2180
2180
2180
2180
2180
2180
2181
2181
2181
2181
2181
2207
2207
2207
2207
2207
2164
2164
2164
2164
2164
2164
2138
2138
2138
2138
2138
2093
2093
2093
2093
2093
2104
2104
2104
2104
2104
2104
2121
2121
2121
2121
2121
2110
2110
2110
2110
2110
2069
2069
2069
2069
2069
2069
2044
2044
2044
2044
2044
2077
2077
2077
2077
2077
2062
2062
2062
2062
2062
2062
2099
2099
2099
2099
2099
2052
2052
2052
2052
2052
2052
2052
2052
2052
2052
2052
2036
2036
2036
2036
2036
2041
2041
2041
2041
2041
2051
2051
2051
2051
2051
2051
2035
2035
2035
2035
2035
1986
1986
1986
1986
1986
1984
1984
1984
1984
1984
1984
1932
1932
1932
1932
1932
1936
1936
1936
1936
1936
1941
1941
1941
1941
1941
1941
1960
1960
1960
1960
1960
1963
1963
1963
1963
1963
1933
1933
1933
1933
1933
1933
1989
1989
1989
1989
1989
1985
1985
1985
1985
1985
2043
2043
2043
2043
2043
2043
2060
2060
2060
2060
2060
2057
2057
2057
2057
2057
2113
2113
2113
2113
2113
2113
2111
2111
2111
2111
2111
2145
2145
2145
2145
2145
2201
2201
2201
2201
2201
2201
2208
2208
2208
2208
2208
2191
2191
2191
2191
2191
2190
2190
2190
2190
2190
2190
2248
2248
2248
2248
2248
2239
2239
2239
2239
2239
2240
2240
2240
2240
2240
2240
2190
2190
2190
2190
2190
2184
2184
2184
2184
2184
2097
2097
2097
2097
2097
2097
2158
2158
2158
2158
2158
2125
2125
2125
2125
2125
2173
2173
2173
2173
2173
2173
2138
2138
2138
2138
2138
2154
2154
2154
2154
2154
2111
2111
2111
2111
2111
2111
2145
2145
2145
2145
2145
2142
2142
2142
2142
2142
2117
2117
2117
2117
2117
2117
2118
2118
2118
2118
2118
2057
2057
2057
2057
2057
2090
2090
2090
2090
2090
2090
2004
2004
2004
2004
2004
2033
2033
2033
2033
2033
2006
2006
2006
2006
2006
2006
2033
2033
2033
2033
2033
2045
2045
2045
2045
2045
2021
2021
2021
2021
2021
2021
2047
2047
2047
2047
2047
2004
2004
2004
2004
2004
1998
1998
1998
1998
1998
1998
2057
2057
2057
2057
2057
2039
2039
2039
2039
2039
2027
2027
2027
2027
2027
2027
2082
2082
2082
2082
2082
2065
2065
2065
2065
2065
2071
2071
2071
2071
2071
2071
1997
1997
1997
1997
1997
2023
2023
2023
2023
2023
2021
2021
2021
2021
2021
2021
2026
2026
2026
2026
2026
2042
2042
2042
2042
2042
2051
2051
2051
2051
2051
2051
1997
1997
1997
1997
1997
2014
2014
2014
2014
2014
2037
2037
2037
2037
2037
2037
2037
2037
2037
2037
2037
2095
2095
2095
2095
2095
2052
2052
2052
2052
2052
2052
2086
2086
2086
2086
2086
2111
2111
2111
2111
2111
2093
2093
2093
2093
2093
2093
2114
2114
2114
2114
2114
2134
2134
2134
2134
2134
2126
2126
2126
2126
2126
2126
2138
2138
2138
2138
2138
2079
2079
2079
2079
2079
2142
2142
2142
2142
2142
2142
2094
2094
2094
2094
2094
2036
2036
2036
2036
2036
2030
2030
2030
2030
2030
2030
2026
2026
2026
2026
2026
2011
2011
2011
2011
2011
2028
2028
2028
2028
2028
2028
1988
1988
1988
1988
1988
2001
2001
2001
2001
2001
1998
1998
1998
1998
1998
1998
1977
1977
1977
1977
1977
1983
1983
1983
1983
1983
2021
2021
2021
2021
2021
2021
2013
2013
2013
2013
2013
2037
2037
2037
2037
2037
2064
2064
2064
2064
2064
2064
2040
2040
2040
2040
2040
2107
2107
2107
2107
2107
2048
2048
2048
2048
2048
2048
2027
2027
2027
2027
2027
1971
1971
1971
1971
1971
1895
1895
1895
1895
1895
1895
1788
1788
1788
1788
1788
1718
1718
1718
1718
1718
1621
1621
1621
1621
1621
1621
1512
1512
1512
1512
1512
1471
1471
1471
1471
1471
1412
1412
1412
1412
1412
1412
1446
1446
1446
1446
1446
1474
1474
1474
1474
1474
1530
1530
1530
1530
1530
1530
1715
1715
1715
1715
1715
1761
1761
1761
1761
1761
1885
1885
1885
1885
1885
1885
2024
2024
2024
2024
2024
2127
2127
2127
2127
2127
2240
2240
2240
2240
2240
2240
2330
2330
2330
2330
2330
2429
2429
2429
2429
2429
2592
2592
2592
2592
2592
2592
2675
2675
2675
2675
2675
2779
2779
2779
2779
2779
2863
2863
2863
2863
2863
2863
2906
2906
2906
2906
2906
2911
2911
2911
2911
2911
2854
2854
2854
2854
2854
2854
2723
2723
2723
2723
2723
2542
2542
2542
2542
2542
2318
2318
2318
2318
2318
2318
2099
2099
2099
2099
2099
1787
1787
1787
1787
1787
1569
1569
1569
1569
1569
1569
1303
1303
1303
1303
1303
1129
1129
1129
1129
1129
926
926
926
926
926
926
765
765
765
765
765
640
640
640
640
640
482
482
482
482
482
482
363
363
363
363
363
282
282
282
282
282
195
195
195
195
195
195
137
137
137
137
137
92
92
92
92
92
26
26
26
26
26
26
0
0
0
0
0
0
0
0
0
0
0
0
0
0
0
0
0
0
0
0
0
0
0
0
0
0
0
0
0
0
0
0
0
0
0
0
0
0
0
0
0
0
0
0
0
0
0
0
0
0
0
0
0
227
227
227
227
227
1442
1442
1442
1442
1442
1442
3358
3358
3358
3358
3358
4095
4095
4095
4095
4095
4095
4095
4095
4095
4095
4095
4095
4095
4095
4095
4095
4095
4095
4095
4095
4095
4095
4095
4095
4095
4095
4095
4095
4095
4095
4095
4095
4095
4095
4095
4095
4095
4095
4095
4095
4095
4095
4095
4088
4088
4088
4088
4088
2997
2997
2997
2997
2997
976
976
976
976
976
976
14
14
14
14
14
0
0
0
0
0
0
0
0
0
0
0
0
0
0
0
0
0
0
0
0
0
0
0
0
0
0
0
0
0
0
0
0
0
0
0
0
0
0
0
0
0
0
0
0
0
0
0
0
0
0
0
0
0
0
0
0
0
0
0
15
15
15
15
15
125
125
125
125
125
454
454
454
454
454
454
1279
1279
1279
1279
1279
2175
2175
2175
2175
2175
3210
3210
3210
3210
3210
3210
4048
4048
4048
4048
4048
4095
4095
4095
4095
4095
4095
4095
4095
4095
4095
4095
4095
4095
4095
4095
4095
4095
4095
4095
4095
4095
4095
4095
4095
4095
4095
4095
4095
4095
4095
4095
4095
4095
4095
4095
4095
4095
4069
4069
4069
4069
4069
4069
3713
3713
3713
3713
3713
3027
3027
3027
3027
3027
2370
2370
2370
2370
2370
2370
1906
1906
1906
1906
1906
1476
1476
1476
1476
1476
1262
1262
1262
1262
1262
1262
1233
1233
1233
1233
1233
1236
1236
1236
1236
1236
1423
1423
1423
1423
1423
1423
1704
1704
1704
1704
1704
2170
2170
2170
2170
2170
2673
2673
2673
2673
2673
2673
3322
3322
3322
3322
3322
3859
3859
3859
3859
3859
4095
4095
4095
4095
4095
4095
4095
4095
4095
4095
4095
4095
4095
4095
4095
4095
4095
4095
4095
4095
4095
4095
4095
4095
4095
4095
4095
4095
4095
4095
4095
4095
4095
4095
4095
4095
4095
4095
4095
4095
4095
4095
4095
4095
4095
4095
4095
4095
4095
4095
4095
4095
4095
4095
4059
4059
4059
4059
4059
3967
3967
3967
3967
3967
3749
3749
3749
3749
3749
3749
3513
3513
3513
3513
3513
3532
3532
3532
3532
3532
3543
3543
3543
3543
3543
3543
3646
3646
3646
3646
3646
3783
3783
3783
3783
3783
3860
3860
3860
3860
3860
3860
3811
3811
3811
3811
3811
3728
3728
3728
3728
3728
3545
3545
3545
3545
3545
3545
3256
3256
3256
3256
3256
3001
3001
3001
3001
3001
2744
2744
2744
2744
2744
2744
2544
2544
2544
2544
2544
2455
2455
2455
2455
2455
2382
2382
2382
2382
2382
2382
2399
2399
2399
2399
2399
2430
2430
2430
2430
2430
2424
2424
2424
2424
2424
2424
2377
2377
2377
2377
2377
2322
2322
2322
2322
2322
2088
2088
2088
2088
2088
2088
1887
1887
1887
1887
1887
1654
1654
1654
1654
1654
1433
1433
1433
1433
1433
1433
1280
1280
1280
1280
1280
1230
1230
1230
1230
1230
1300
1300
1300
1300
1300
1300
1353
1353
1353
1353
1353
1518
1518
1518
1518
1518
1658
1658
1658
1658
1658
1658
1753
1753
1753
1753
1753
1784
1784
1784
1784
1784
1667
1667
1667
1667
1667
1667
1569
1569
1569
1569
1569
1318
1318
1318
1318
1318
1114
1114
1114
1114
1114
1114
914
914
914
914
914
766
766
766
766
766
717
717
717
717
717
717
800
800
800
800
800
933
933
933
933
933
1134
1134
1134
1134
1134
1134
1392
1392
1392
1392
1392
1707
1707
1707
1707
1707
1994
1994
1994
1994
1994
1994
2329
2329
2329
2329
2329
2643
2643
2643
2643
2643
2900
2900
2900
2900
2900
2900
3152
3152
3152
3152
3152
3439
3439
3439
3439
3439
3660
3660
3660
3660
3660
3660
3963
3963
3963
3963
3963
4033
4033
4033
4033
4033
4067
4067
4067
4067
4067
4067
4082
4082
4082
4082
4082
4095
4095
4095
4095
4095
4095
4095
4095
4095
4095
4095
4095
4095
4095
4095
4095
4095
4095
4095
4095
4095
4095
4095
4095
4095
4095
4095
4095
4095
4095
4095
4095
4095
4095
4095
4095
4095
4095
4095
4095
4095
4095
4095
4095
4095
4095
4095
4095
4095
4095
4095
4095
4095
4095
4095
4095
4095
4095
4095
4059
4059
4059
4059
4059
3994
3994
3994
3994
3994
3648
3648
3648
3648
3648
3648
3213
3213
3213
3213
3213
2791
2791
2791
2791
2791
2441
2441
2441
2441
2441
2441
2102
2102
2102
2102
2102
1799
1799
1799
1799
1799
1592
1592
1592
1592
1592
1592
1415
1415
1415
1415
1415
1360
1360
1360
1360
1360
1337
1337
1337
1337
1337
1337
1469
1469
1469
1469
1469
1605
1605
1605
1605
1605
1810
1810
1810
1810
1810
1810
2041
2041
2041
2041
2041
2432
2432
2432
2432
2432
2728
2728
2728
2728
2728
2728
3059
3059
3059
3059
3059
3396
3396
3396
3396
3396
3641
3641
3641
3641
3641
3641
3868
3868
3868
3868
3868
3960
3960
3960
3960
3960
4010
4010
4010
4010
4010
4010
3994
3994
3994
3994
3994
3982
3982
3982
3982
3982
3858
3858
3858
3858
3858
3858
3819
3819
3819
3819
3819
3765
3765
3765
3765
3765
3638
3638
3638
3638
3638
3638
3574
3574
3574
3574
3574
3404
3404
3404
3404
3404
3192
3192
3192
3192
3192
3192
2881
2881
2881
2881
2881
2530
2530
2530
2530
2530
2071
2071
2071
2071
2071
2071
1526
1526
1526
1526
1526
930
930
930
930
930
443
443
443
443
443
443
144
144
144
144
144
24
24
24
24
24
0
0
0
0
0
0
0
0
0
0
0
0
0
0
0
0
0
0
0
0
0
0
0
0
0
0
0
74
74
74
74
74
245
245
245
245
245
245
755
755
755
755
755
1482
1482
1482
1482
1482
2357
2357
2357
2357
2357
2357
3139
3139
3139
3139