2107
2107
2107
2107
2107
2104
2104
2104
2104
2104
2113
2113
2113
2113
2113
2097
2097
2097
2097
2097
2097
2046
2046
2046
2046
2046
2072
2072
2072
2072
2072
2058
2058
2058
2058
2058
2058
2102
2102
2102
2102
2102
2087
2087
2087
2087
2087
2076
2076
2076
2076
2076
2076
2041
2041
2041
2041
2041
2082
2082
2082
2082
2082
2071
2071
2071
2071
2071
2071
2082
2082
2082
2082
2082
2113
2113
2113
2113
2113
2089
2089
2089
2089
2089
2089
2078
2078
2078
2078
2078
2058
2058
2058
2058
2058
2064
2064
2064
2064
2064
2064
2069
2069
2069
2069
2069
2061
2061
2061
2061
2061
2126
2126
2126
2126
2126
2126
2081
2081
2081
2081
2081
2073
2073
2073
2073
2073
2078
2078
2078
2078
2078
2078
2094
2094
2094
2094
2094
2013
2013
2013
2013
2013
2100
2100
2100
2100
2100
2100
2107
2107
2107
2107
2107
2050
2050
2050
2050
2050
2042
2042
2042
2042
2042
2042
2057
2057
2057
2057
2057
2125
2125
2125
2125
2125
2093
2093
2093
2093
2093
2093
2105
2105
2105
2105
2105
2060
2060
2060
2060
2060
2100
2100
2100
2100
2100
2100
2095
2095
2095
2095
2095
2107
2107
2107
2107
2107
2104
2104
2104
2104
2104
2104
2071
2071
2071
2071
2071
2083
2083
2083
2083
2083
2059
2059
2059
2059
2059
2059
2116
2116
2116
2116
2116
2064
2064
2064
2064
2064
2047
2047
2047
2047
2047
2047
2080
2080
2080
2080
2080
2076
2076
2076
2076
2076
2129
2129
2129
2129
2129
2129
2052
2052
2052
2052
2052
2136
2136
2136
2136
2136
2060
2060
2060
2060
2060
2060
2088
2088
2088
2088
2088
2072
2072
2072
2072
2072
2077
2077
2077
2077
2077
2077
2036
2036
2036
2036
2036
2069
2069
2069
2069
2069
2058
2058
2058
2058
2058
2058
2078
2078
2078
2078
2078
2105
2105
2105
2105
2105
2045
2045
2045
2045
2045
2045
2120
2120
2120
2120
2120
2041
2041
2041
2041
2041
2103
2103
2103
2103
2103
2103
2084
2084
2084
2084
2084
2105
2105
2105
2105
2105
2058
2058
2058
2058
2058
2058
2118
2118
2118
2118
2118
2107
2107
2107
2107
2107
2031
2031
2031
2031
2031
2031
2093
2093
2093
2093
2093
2072
2072
2072
2072
2072
2078
2078
2078
2078
2078
2078
2084
2084
2084
2084
2084
2082
2082
2082
2082
2082
2054
2054
2054
2054
2054
2054
2111
2111
2111
2111
2111
2067
2067
2067
2067
2067
2084
2084
2084
2084
2084
2084
2057
2057
2057
2057
2057
2071
2071
2071
2071
2071
2071
2071
2071
2071
2071
2071
2108
2108
2108
2108
2108
2072
2072
2072
2072
2072
2095
2095
2095
2095
2095
2095
2109
2109
2109
2109
2109
2098
2098
2098
2098
2098
2081
2081
2081
2081
2081
2081
2053
2053
2053
2053
2053
2119
2119
2119
2119
2119
2122
2122
2122
2122
2122
2122
2077
2077
2077
2077
2077
2079
2079
2079
2079
2079
2078
2078
2078
2078
2078
2078
2090
2090
2090
2090
2090
2053
2053
2053
2053
2053
2066
2066
2066
2066
2066
2066
2095
2095
2095
2095
2095
2111
2111
2111
2111
2111
2102
2102
2102
2102
2102
2102
2058
2058
2058
2058
2058
2086
2086
2086
2086
2086
2083
2083
2083
2083
2083
2083
2062
2062
2062
2062
2062
2072
2072
2072
2072
2072
2078
2078
2078
2078
2078
2078
2089
2089
2089
2089
2089
2071
2071
2071
2071
2071
2141
2141
2141
2141
2141
2141
2051
2051
2051
2051
2051
2103
2103
2103
2103
2103
2052
2052
2052
2052
2052
2052
2071
2071
2071
2071
2071
2070
2070
2070
2070
2070
2083
2083
2083
2083
2083
2083
2071
2071
2071
2071
2071
2063
2063
2063
2063
2063
2111
2111
2111
2111
2111
2111
2072
2072
2072
2072
2072
2091
2091
2091
2091
2091
2085
2085
2085
2085
2085
2085
2126
2126
2126
2126
2126
2068
2068
2068
2068
2068
2098
2098
2098
2098
2098
2098
2040
2040
2040
2040
2040
2074
2074
2074
2074
2074
2081
2081
2081
2081
2081
2081
2055
2055
2055
2055
2055
2080
2080
2080
2080
2080
2080
2080
2080
2080
2080
2080
2098
2098
2098
2098
2098
2078
2078
2078
2078
2078
2093
2093
2093
2093
2093
2093
2093
2093
2093
2093
2093
2024
2024
2024
2024
2024
2087
2087
2087
2087
2087
2087
2059
2059
2059
2059
2059
2098
2098
2098
2098
2098
2068
2068
2068
2068
2068
2068
2113
2113
2113
2113
2113
2073
2073
2073
2073
2073
2064
2064
2064
2064
2064
2064
2107
2107
2107
2107
2107
2063
2063
2063
2063
2063
2101
2101
2101
2101
2101
2101
2120
2120
2120
2120
2120
2013
2013
2013
2013
2013
2038
2038
2038
2038
2038
2038
2100
2100
2100
2100
2100
2055
2055
2055
2055
2055
2102
2102
2102
2102
2102
2102
2067
2067
2067
2067
2067
2090
2090
2090
2090
2090
2079
2079
2079
2079
2079
2079
2099
2099
2099
2099
2099
2120
2120
2120
2120
2120
2088
2088
2088
2088
2088
2088
2061
2061
2061
2061
2061
2070
2070
2070
2070
2070
2081
2081
2081
2081
2081
2081
2065
2065
2065
2065
2065
2084
2084
2084
2084
2084
2106
2106
2106
2106
2106
2106
2065
2065
2065
2065
2065
2086
2086
2086
2086
2086
2081
2081
2081
2081
2081
2081
2060
2060
2060
2060
2060
2087
2087
2087
2087
2087
2061
2061
2061
2061
2061
2061
2074
2074
2074
2074
2074
2107
2107
2107
2107
2107
2065
2065
2065
2065
2065
2065
2044
2044
2044
2044
2044
2061
2061
2061
2061
2061
2070
2070
2070
2070
2070
2070
2053
2053
2053
2053
2053
2108
2108
2108
2108
2108
2101
2101
2101
2101
2101
2101
2059
2059
2059
2059
2059
2098
2098
2098
2098
2098
2078
2078
2078
2078
2078
2078
2068
2068
2068
2068
2068
2114
2114
2114
2114
2114
2073
2073
2073
2073
2073
2073
2143
2143
2143
2143
2143
2115
2115
2115
2115
2115
2063
2063
2063
2063
2063
2063
2067
2067
2067
2067
2067
2116
2116
2116
2116
2116
2043
2043
2043
2043
2043
2043
2110
2110
2110
2110
2110
2071
2071
2071
2071
2071
2081
2081
2081
2081
2081
2081
2104
2104
2104
2104
2104
2080
2080
2080
2080
2080
2088
2088
2088
2088
2088
2088
2058
2058
2058
2058
2058
2092
2092
2092
2092
2092
2119
2119
2119
2119
2119
2119
2082
2082
2082
2082
2082
2105
2105
2105
2105
2105
2078
2078
2078
2078
2078
2078
2063
2063
2063
2063
2063
2095
2095
2095
2095
2095
2089
2089
2089
2089
2089
2089
2094
2094
2094
2094
2094
2058
2058
2058
2058
2058
2051
2051
2051
2051
2051
2051
2078
2078
2078
2078
2078
2107
2107
2107
2107
2107
2119
2119
2119
2119
2119
2119
2061
2061
2061
2061
2061
2109
2109
2109
2109
2109
2054
2054
2054
2054
2054
2054
2096
2096
2096
2096
2096
2098
2098
2098
2098
2098
2100
2100
2100
2100
2100
2100
2098
2098
2098
2098
2098
2091
2091
2091
2091
2091
2081
2081
2081
2081
2081
2081
2102
2102
2102
2102
2102
2085
2085
2085
2085
2085
2030
2030
2030
2030
2030
2030
2125
2125
2125
2125
2125
2054
2054
2054
2054
2054
2091
2091
2091
2091
2091
2091
2064
2064
2064
2064
2064
2060
2060
2060
2060
2060
2091
2091
2091
2091
2091
2091
2055
2055
2055
2055
2055
2083
2083
2083
2083
2083
2108
2108
2108
2108
2108
2108
2088
2088
2088
2088
2088
2052
2052
2052
2052
2052
2114
2114
2114
2114
2114
2114
2084
2084
2084
2084
2084
2058
2058
2058
2058
2058
2084
2084
2084
2084
2084
2084
2080
2080
2080
2080
2080
2067
2067
2067
2067
2067
2081
2081
2081
2081
2081
2081
2071
2071
2071
2071
2071
2101
2101
2101
2101
2101
2066
2066
2066
2066
2066
2066
2068
2068
2068
2068
2068
2082
2082
2082
2082
2082
2077
2077
2077
2077
2077
2077
2083
2083
2083
2083
2083
2106
2106
2106
2106
2106
2081
2081
2081
2081
2081
2081
2085
2085
2085
2085
2085
2056
2056
2056
2056
2056
2115
2115
2115
2115
2115
2115
2092
2092
2092
2092
2092
2135
2135
2135
2135
2135
2048
2048
2048
2048
2048
2048
2084
2084
2084
2084
2084
2075
2075
2075
2075
2075
2084
2084
2084
2084
2084
2084
2076
2076
2076
2076
2076
2078
2078
2078
2078
2078
2057
2057
2057
2057
2057
2057
2084
2084
2084
2084
2084
2067
2067
2067
2067
2067
2067
2067
2067
2067
2067
2067
2074
2074
2074
2074
2074
2076
2076
2076
2076
2076
2084
2084
2084
2084
2084
2084
2059
2059
2059
2059
2059
2102
2102
2102
2102
2102
2105
2105
2105
2105
2105
2105
2074
2074
2074
2074
2074
2081
2081
2081
2081
2081
2061
2061
2061
2061
2061
2061
2105
2105
2105
2105
2105
2052
2052
2052
2052
2052
2079
2079
2079
2079
2079
2079
2076
2076
2076
2076
2076
2102
2102
2102
2102
2102
2079
2079
2079
2079
2079
2079
2088
2088
2088
2088
2088
2058
2058
2058
2058
2058
2085
2085
2085
2085
2085
2085
2093
2093
2093
2093
2093
2073
2073
2073
2073
2073
2099
2099
2099
2099
2099
2099
2108
2108
2108
2108
2108
2090
2090
2090
2090
2090
2083
2083
2083
2083
2083
2083
2079
2079
2079
2079
2079
2073
2073
2073
2073
2073
2067
2067
2067
2067
2067
2067
2060
2060
2060
2060
2060
2069
2069
2069
2069
2069
2085
2085
2085
2085
2085
2085
2091
2091
2091
2091
2091
2091
2091
2091
2091
2091
2087
2087
2087
2087
2087
2087
2072
2072
2072
2072
2072
2061
2061
2061
2061
2061
2106
2106
2106
2106
2106
2106
2047
2047
2047
2047
2047
2104
2104
2104
2104
2104
2084
2084
2084
2084
2084
2084
2099
2099
2099
2099
2099
2106
2106
2106
2106
2106
2072
2072
2072
2072
2072
2072
2077
2077
2077
2077
2077
2079
2079
2079
2079
2079
2097
2097
2097
2097
2097
2097
2083
2083
2083
2083
2083
2084
2084
2084
2084
2084
2062
2062
2062
2062
2062
2062
2101
2101
2101
2101
2101
2086
2086
2086
2086
2086
2098
2098
2098
2098
2098
2098
2122
2122
2122
2122
2122
2102
2102
2102
2102
2102
2095
2095
2095
2095
2095
2095
2079
2079
2079
2079
2079
2083
2083
2083
2083
2083
2116
2116
2116
2116
2116
2116
2091
2091
2091
2091
2091
2036
2036
2036
2036
2036
2089
2089
2089
2089
2089
2089
2051
2051
2051
2051
2051
2113
2113
2113
2113
2113
2114
2114
2114
2114
2114
2114
2106
2106
2106
2106
2106
2086
2086
2086
2086
2086
2087
2087
2087
2087
2087
2087
2054
2054
2054
2054
2054
2104
2104
2104
2104
2104
2083
2083
2083
2083
2083
2083
2111
2111
2111
2111
2111
2060
2060
2060
2060
2060
2101
2101
2101
2101
2101
2101
2070
2070
2070
2070
2070
2086
2086
2086
2086
2086
2090
2090
2090
2090
2090
2090
2108
2108
2108
2108
2108
2071
2071
2071
2071
2071
2052
2052
2052
2052
2052
2052
2097
2097
2097
2097
2097
2070
2070
2070
2070
2070
2089
2089
2089
2089
2089
2089
2086
2086
2086
2086
2086
2085
2085
2085
2085
2085
2078
2078
2078
2078
2078
2078
2056
2056
2056
2056
2056
2067
2067
2067
2067
2067
2070
2070
2070
2070
2070
2070
2056
2056
2056
2056
2056
2096
2096
2096
2096
2096
2121
2121
2121
2121
2121
2121
2087
2087
2087
2087
2087
2066
2066
2066
2066
2066
2084
2084
2084
2084
2084
2084
2082
2082
2082
2082
2082
2086
2086
2086
2086
2086
2071
2071
2071
2071
2071
2071
2086
2086
2086
2086
2086
2084
2084
2084
2084
2084
2043
2043
2043
2043
2043
2043
2059
2059
2059
2059
2059
2094
2094
2094
2094
2094
2123
2123
2123
2123
2123
2123
2096
2096
2096
2096
2096
2087
2087
2087
2087
2087
2093
2093
2093
2093
2093
2093
2110
2110
2110
2110
2110
2088
2088
2088
2088
2088
2064
2064
2064
2064
2064
2064
2081
2081
2081
2081
2081
2093
2093
2093
2093
2093
2090
2090
2090
2090
2090
2090
2045
2045
2045
2045
2045
2052
2052
2052
2052
2052
2097
2097
2097
2097
2097
2097
2075
2075
2075
2075
2075
2113
2113
2113
2113
2113
2078
2078
2078
2078
2078
2078
2089
2089
2089
2089
2089
2082
2082
2082
2082
2082
2091
2091
2091
2091
2091
2091
2066
2066
2066
2066
2066
2078
2078
2078
2078
2078
2063
2063
2063
2063
2063
2063
2074
2074
2074
2074
2074
2103
2103
2103
2103
2103
2064
2064
2064
2064
2064
2064
2131
2131
2131
2131
2131
2065
2065
2065
2065
2065
2101
2101
2101
2101
2101
2101
2058
2058
2058
2058
2058
2087
2087
2087
2087
2087
2068
2068
2068
2068
2068
2068
2078
2078
2078
2078
2078
2054
2054
2054
2054
2054
2090
2090
2090
2090
2090
2090
2111
2111
2111
2111
2111
2045
2045
2045
2045
2045
2124
2124
2124
2124
2124
2124
2091
2091
2091
2091
2091
2099
2099
2099
2099
2099
2105
2105
2105
2105
2105
2105
2070
2070
2070
2070
2070
2078
2078
2078
2078
2078
2105
2105
2105
2105
2105
2105
2074
2074
2074
2074
2074
2078
2078
2078
2078
2078
2112
2112
2112
2112
2112
2112
2079
2079
2079
2079
2079
2078
2078
2078
2078
2078
2056
2056
2056
2056
2056
2056
2079
2079
2079
2079
2079
2072
2072
2072
2072
2072
2068
2068
2068
2068
2068
2068
2079
2079
2079
2079
2079
2082
2082
2082
2082
2082
2098
2098
2098
2098
2098
2098
2095
2095
2095
2095
2095
2121
2121
2121
2121
2121
2063
2063
2063
2063
2063
2063
2102
2102
2102
2102
2102
2078
2078
2078
2078
2078
2092
2092
2092
2092
2092
2092
2108
2108
2108
2108
2108
2105
2105
2105
2105
2105
2080
2080
2080
2080
2080
2080
2085
2085
2085
2085
2085
2112
2112
2112
2112
2112
2087
2087
2087
2087
2087
2087
2108
2108
2108
2108
2108
2091
2091
2091
2091
2091
2065
2065
2065
2065
2065
2065
2126
2126
2126
2126
2126
2081
2081
2081
2081
2081
2144
2144
2144
2144
2144
2144
2057
2057
2057
2057
2057
2129
2129
2129
2129
2129
2060
2060
2060
2060
2060
2060
2105
2105
2105
2105
2105
2083
2083
2083
2083
2083
2129
2129
2129
2129
2129
2129
2102
2102
2102
2102
2102
2111
2111
2111
2111
2111
2145
2145
2145
2145
2145
2145
2105
2105
2105
2105
2105
2135
2135
2135
2135
2135
2075
2075
2075
2075
2075
2075
2110
2110
2110
2110
2110
2105
2105
2105
2105
2105
2089
2089
2089
2089
2089
2089
2122
2122
2122
2122
2122
2074
2074
2074
2074
2074
2128
2128
2128
2128
2128
2128
2134
2134
2134
2134
2134
2118
2118
2118
2118
2118
2086
2086
2086
2086
2086
2086
2126
2126
2126
2126
2126
2079
2079
2079
2079
2079
2113
2113
2113
2113
2113
2113
2117
2117
2117
2117
2117
2140
2140
2140
2140
2140
2115
2115
2115
2115
2115
2115
2104
2104
2104
2104
2104
2128
2128
2128
2128
2128
2074
2074
2074
2074
2074
2074
2155
2155
2155
2155
2155
2091
2091
2091
2091
2091
2099
2099
2099
2099
2099
2099
2091
2091
2091
2091
2091
2119
2119
2119
2119
2119
2095
2095
2095
2095
2095
2095
2131
2131
2131
2131
2131
2135
2135
2135
2135
2135
2120
2120
2120
2120
2120
2120
2139
2139
2139
2139
2139
2125
2125
2125
2125
2125
2142
2142
2142
2142
2142
2142
2133
2133
2133
2133
2133
2106
2106
2106
2106
2106
2143
2143
2143
2143
2143
2143
2104
2104
2104
2104
2104
2056
2056
2056
2056
2056
2094
2094
2094
2094
2094
2094
2076
2076
2076
2076
2076
2051
2051
2051
2051
2051
2081
2081
2081
2081
2081
2081
2077
2077
2077
2077
2077
2086
2086
2086
2086
2086
2098
2098
2098
2098
2098
2098
2089
2089
2089
2089
2089
2084
2084
2084
2084
2084
2116
2116
2116
2116
2116
2116
2089
2089
2089
2089
2089
2072
2072
2072
2072
2072
2104
2104
2104
2104
2104
2104
2049
2049
2049
2049
2049
2078
2078
2078
2078
2078
2025
2025
2025
2025
2025
2025
2012
2012
2012
2012
2012
2020
2020
2020
2020
2020
1981
1981
1981
1981
1981
1981
1992
1992
1992
1992
1992
2010
2010
2010
2010
2010
2044
2044
2044
2044
2044
2044
2058
2058
2058
2058
2058
2059
2059
2059
2059
2059
2059
2059
2059
2059
2059
2059
2054
2054
2054
2054
2054
2111
2111
2111
2111
2111
2150
2150
2150
2150
2150
2150
2154
2154
2154
2154
2154
2111
2111
2111
2111
2111
2170
2170
2170
2170
2170
2170
2188
2188
2188
2188
2188
2135
2135
2135
2135
2135
2223
2223
2223
2223
2223
2223
2118
2118
2118
2118
2118
2151
2151
2151
2151
2151
2105
2105
2105
2105
2105
2105
2107
2107
2107
2107
2107
2112
2112
2112
2112
2112
2139
2139
2139
2139
2139
2139
2156
2156
2156
2156
2156
2149
2149
2149
2149
2149
2122
2122
2122
2122
2122
2122
2131
2131
2131
2131
2131
2142
2142
2142
2142
2142
2133
2133
2133
2133
2133
2133
2129
2129
2129
2129
2129
2134
2134
2134
2134
2134
2125
2125
2125
2125
2125
2125
2140
2140
2140
2140
2140
2106
2106
2106
2106
2106
2125
2125
2125
2125
2125
2125
2122
2122
2122
2122
2122
2102
2102
2102
2102
2102
2102
2102
2102
2102
2102
2102
2085
2085
2085
2085
2085
2082
2082
2082
2082
2082
2111
2111
2111
2111
2111
2111
2045
2045
2045
2045
2045
2088
2088
2088
2088
2088
2088
2088
2088
2088
2088
2088
2076
2076
2076
2076
2076
2071
2071
2071
2071
2071
2088
2088
2088
2088
2088
2088
2089
2089
2089
2089
2089
2074
2074
2074
2074
2074
2108
2108
2108
2108
2108
2108
2082
2082
2082
2082
2082
2089
2089
2089
2089
2089
2087
2087
2087
2087
2087
2087
2143
2143
2143
2143
2143
2074
2074
2074
2074
2074
2092
2092
2092
2092
2092
2092
2067
2067
2067
2067
2067
2065
2065
2065
2065
2065
2080
2080
2080
2080
2080
2080
2074
2074
2074
2074
2074
2102
2102
2102
2102
2102
2119
2119
2119
2119
2119
2119
2096
2096
2096
2096
2096
2067
2067
2067
2067
2067
2118
2118
2118
2118
2118
2118
2131
2131
2131
2131
2131
2110
2110
2110
2110
2110
2123
2123
2123
2123
2123
2123
2103
2103
2103
2103
2103
2118
2118
2118
2118
2118
2131
2131
2131
2131
2131
2131
2080
2080
2080
2080
2080
2113
2113
2113
2113
2113
2152
2152
2152
2152
2152
2152
2131
2131
2131
2131
2131
2158
2158
2158
2158
2158
2163
2163
2163
2163
2163
2163
2123
2123
2123
2123
2123
2182
2182
2182
2182
2182
2114
2114
2114
2114
2114
2114
2124
2124
2124
2124
2124
2213
2213
2213
2213
2213
2120
2120
2120
2120
2120
2120
2182
2182
2182
2182
2182
2143
2143
2143
2143
2143
2160
2160
2160
2160
2160
2160
2152
2152
2152
2152
2152
2133
2133
2133
2133
2133
2171
2171
2171
2171
2171
2171
2196
2196
2196
2196
2196
2144
2144
2144
2144
2144
2214
2214
2214
2214
2214
2214
2152
2152
2152
2152
2152
2168
2168
2168
2168
2168
2120
2120
2120
2120
2120
2120
2109
2109
2109
2109
2109
2111
2111
2111
2111
2111
2096
2096
2096
2096
2096
2096
2081
2081
2081
2081
2081
2117
2117
2117
2117
2117
2147
2147
2147
2147
2147
2147
2105
2105
2105
2105
2105
2093
2093
2093
2093
2093
2132
2132
2132
2132
2132
2132
2173
2173
2173
2173
2173
2140
2140
2140
2140
2140
2201
2201
2201
2201
2201
2201
2163
2163
2163
2163
2163
2185
2185
2185
2185
2185
2164
2164
2164
2164
2164
2164
2174
2174
2174
2174
2174
2151
2151
2151
2151
2151
2196
2196
2196
2196
2196
2196
2176
2176
2176
2176
2176
2198
2198
2198
2198
2198
2159
2159
2159
2159
2159
2159
2150
2150
2150
2150
2150
2152
2152
2152
2152
2152
2154
2154
2154
2154
2154
2154
2180
2180
2180
2180
2180
2149
2149
2149
2149
2149
2175
2175
2175
2175
2175
2175
2158
2158
2158
2158
2158
2240
2240
2240
2240
2240
2252
2252
2252
2252
2252
2252
2223
2223
2223
2223
2223
2291
2291
2291
2291
2291
2313
2313
2313
2313
2313
2313
2246
2246
2246
2246
2246
2295
2295
2295
2295
2295
2297
2297
2297
2297
2297
2297
2352
2352
2352
2352
2352
2290
2290
2290
2290
2290
2312
2312
2312
2312
2312
2312
2300
2300
2300
2300
2300
2369
2369
2369
2369
2369
2321
2321
2321
2321
2321
2321
2354
2354
2354
2354
2354
2327
2327
2327
2327
2327
2337
2337
2337
2337
2337
2337
2403
2403
2403
2403
2403
2370
2370
2370
2370
2370
2352
2352
2352
2352
2352
2352
2319
2319
2319
2319
2319
2272
2272
2272
2272
2272
2325
2325
2325
2325
2325
2325
2329
2329
2329
2329
2329
2308
2308
2308
2308
2308
2403
2403
2403
2403
2403
2403
2326
2326
2326
2326
2326
2409
2409
2409
2409
2409
2428
2428
2428
2428
2428
2428
2416
2416
2416
2416
2416
2419
2419
2419
2419
2419
2470
2470
2470
2470
2470
2470
2464
2464
2464
2464
2464
2462
2462
2462
2462
2462
2443
2443
2443
2443
2443
2443
2449
2449
2449
2449
2449
2428
2428
2428
2428
2428
2421
2421
2421
2421
2421
2421
2481
2481
2481
2481
2481
2515
2515
2515
2515
2515
2518
2518
2518
2518
2518
2518
2604
2604
2604
2604
2604
2692
2692
2692
2692
2692
2750
2750
2750
2750
2750
2750
2812
2812
2812
2812
2812
2895
2895
2895
2895
2895
3002
3002
3002
3002
3002
3002
3063
3063
3063
3063
3063
3094
3094
3094
3094
3094
3111
3111
3111
3111
3111
3111
3092
3092
3092
3092
3092
3002
3002
3002
3002
3002
2951
2951
2951
2951
2951
2951
2830
2830
2830
2830
2830
2774
2774
2774
2774
2774
2621
2621
2621
2621
2621
2621
2461
2461
2461
2461
2461
2405
2405
2405
2405
2405
2288
2288
2288
2288
2288
2288
2230
2230
2230
2230
2230
2217
2217
2217
2217
2217
2071
2071
2071
2071
2071
2071
1993
1993
1993
1993
1993
1807
1807
1807
1807
1807
1602
1602
1602
1602
1602
1602
1444
1444
1444
1444
1444
1253
1253
1253
1253
1253
1093
1093
1093
1093
1093
1093
971
971
971
971
971
983
983
983
983
983
1061
1061
1061
1061
1061
1061
1206
1206
1206
1206
1206
1385
1385
1385
1385
1385
1617
1617
1617
1617
1617
1617
1877
1877
1877
1877
1877
2058
2058
2058
2058
2058
2291
2291
2291
2291
2291
2291
2397
2397
2397
2397
2397
2483
2483
2483
2483
2483
2558
2558
2558
2558
2558
2558
2662
2662
2662
2662
2662
2657
2657
2657
2657
2657
2627
2627
2627
2627
2627
2627
2618
2618
2618
2618
2618
2532
2532
2532
2532
2532
2486
2486
2486
2486
2486
2486
2287
2287
2287
2287
2287
2187
2187
2187
2187
2187
1967
1967
1967
1967
1967
1967
1763
1763
1763
1763
1763
1518
1518
1518
1518
1518
1373
1373
1373
1373
1373
1373
1179
1179
1179
1179
1179
1065
1065
1065
1065
1065
1000
1000
1000
1000
1000
1000
917
917
917
917
917
903
903
903
903
903
881
881
881
881
881
881
887
887
887
887
887
840
840
840
840
840
777
777
777
777
777
777
762
762
762
762
762
683
683
683
683
683
553
553
553
553
553
553
450
450
450
450
450
392
392
392
392
392
333
333
333
333
333
333
284
284
284
284
284
271
271
271
271
271
303
303
303
303
303
303
333
333
333
333
333
334
334
334
334
334
318
318
318
318
318
318
269
269
269
269
269
179
179
179
179
179
129
129
129
129
129
129
90
90
90
90
90
58
58
58
58
58
85
85
85
85
85
85
111
111
111
111
111
241
241
241
241
241
473
473
473
473
473
473
878
878
878
878
878
1373
1373
1373
1373
1373
1760
1760
1760
1760
1760
1760
1965
1965
1965
1965
1965
1925
1925
1925
1925
1925
1632
1632
1632
1632
1632
1632
1192
1192
1192
1192
1192
763
763
763
763
763
491
491
491
491
491
491
427
427
427
427
427
590
590
590
590
590
1097
1097
1097
1097
1097
1097
2080
2080
2080
2080
2080
3392
3392
3392
3392
3392
4095
4095
4095
4095
4095
4095
4095
4095
4095
4095
4095
4095
4095
4095
4095
4095
4095
4095
4095
4095
4095
4095
4095
4095
4095
4095
4095
4095
4095
4095
4095
4095
4095
4095
4095
4095
4095
4095
4090
4090
4090
4090
4090
3323
3323
3323
3323
3323
1950
1950
1950
1950
1950
1950
796
796
796
796
796
163
163
163
163
163
0
0
0
0
0
0
0
0
0
0
0
0
0
0
0
0
0
0
0
0
0
0
0
0
0
0
0
46
46
46
46
46
190
190
190
190
190
190
497
497
497
497
497
935
935
935
935
935
1346
1346
1346
1346
1346
1346
1644
1644
1644
1644
1644
1752
1752
1752
1752
1752
1800
1800
1800
1800
1800
1800
1785
1785
1785
1785
1785
1691
1691
1691
1691
1691
1549
1549
1549
1549
1549
1549
1407
1407
1407
1407
1407
1310
1310
1310
1310
1310
1176
1176
1176
1176
1176
1176
1029
1029
1029
1029
1029
865
865
865
865
865
717
717
717
717
717
717
575
575
575
575
575
431
431
431
431
431
366
366
366
366
366
366
246
246
246
246
246
212
212
212
212
212
192
192
192
192
192
192
157
157
157
157
157
151
151
151
151
151
123
123
123
123
123
123
108
108
108
108
108
94
94
94
94
94
100
100
100
100
100
100
79
79
79
79
79
107
107
107
107
107
110
110
110
110
110
110
199
199
199
199
199
236
236
236
236
236
315
315
315
315
315
315
399
399
399
399
399
416
416
416
416
416
386
386
386
386
386
386
346
346
346
346
346
290
290
290
290
290
233
233
233
233
233
233
247
247
247
247
247
263
263
263
263
263
358
358
358
358
358
358
532
532
532
532
532
769
769
769
769
769
1076
1076
1076
1076
1076
1076
1454
1454
1454
1454
1454
1767
1767
1767
1767
1767
1997
1997
1997
1997
1997
1997
2233
2233
2233
2233
2233
2263
2263
2263
2263
2263
2312
2312
2312
2312
2312
2312
2188
2188
2188
2188
2188
2033
2033
2033
2033
2033
1747
1747
1747
1747
1747
1747
1448
1448
1448
1448
1448
1126
1126
1126
1126
1126
769
769
769
769
769
769
480
480
480
480
480
270
270
270
270
270
176
176
176
176
176
176
102
102
102
102
102
79
79
79
79
79
69
69
69
69
69
69
113
113
113
113
113
184
184
184
184
184
310
310
310
310
310
310
532
532
532
532
532
790
790
790
790
790
1113
1113
1113
1113
1113
1113
1319
1319
1319
1319
1319
1601
1601
1601
1601
1601
1681
1681
1681
1681
1681
1681
1855
1855
1855
1855
1855
1836
1836
1836
1836
1836
1830
1830
1830
1830
1830
1830
1796
1796
1796
1796
1796
1735
1735
1735
1735
1735
1664
1664
1664
1664
1664
1664
1494
1494
1494
1494
1494
1426
1426
1426
1426
1426
1220
1220
1220
1220
1220
1220
1145
1145
1145
1145
1145
968
968
968
968
968
937
937
937
937
937
937
920
920
920
920
920
974
974
974
974
974
1086
1086
1086
1086
1086
1086
1133
1133
1133
1133
1133
1281
1281
1281
1281
1281
1341
1341
1341
1341
1341
1341
1411
1411
1411
1411
1411
1413
1413
1413
1413
1413
1422
1422
1422
1422
1422
1422
1436
1436
1436
1436
1436
1345
1345
1345
1345
1345
1316
1316
1316
1316
1316
1316
1209
1209
1209
1209
1209
1161
1161
1161
1161
1161
1109
1109
1109
1109
1109
1109
1103
1103
1103
1103
1103
1086
1086
1086
1086
1086
1145
1145
1145
1145
1145
1145
1268
1268
1268
1268
1268
1452
1452
1452
1452
1452
1700
1700
1700
1700
1700
1700
2019
2019
2019
2019
2019
2364
2364
2364
2364
2364
2627
2627
2627
2627
2627
2627
2888
2888
2888
2888
2888
2982
2982
2982
2982
2982
3090
3090
3090
3090
3090
3090
3044
3044
3044
3044
3044
2894
2894
2894
2894
2894
2707
2707
2707
2707
2707
2707
2378
2378
2378
2378
2378
2018
2018
2018
2018
2018
1620
1620
1620
1620
1620
1620
1334
1334
1334
1334
1334
980
980
980
980
980
706
706
706
706
706
706
466
466
466
466
466
310
310
310
310
310
234
234
234
234
234
234
196
196
196
196
196
173
173
173
173
173
146
146
146
146
146
146
197
197
197
197
197
263
263
263
263
263
336
336
336
336
336
336
447
447
447
447
447
644
644
644
644
644
847
847
847
847
847
847
1081
1081
1081
1081
1081
1357
1357
1357
1357
1357
1463
1463
1463
1463
1463
1463
1514
1514
1514
1514
1514
1366
1366
1366
1366
1366
1111
1111
1111
1111
1111
1111
774
774
774
774
774
414
414
414
414
414
188
188
188
188
188
188
84
84
84
84
84
32
32
32
32
32
0
0
0
0
0
0
17
17
17
17
17
24
24
24
24
24
56
56
56
56
56
56
87
87
87
87
87
157
157
157
157
157
210
210
210
210
210
210
249
249
249
249
249
235
235
235
235
235
198
198
198
198
198
198
139
139
139
139
139
112
112
112
112
112
83
83
83
83
83
83
97